182.33	0.087840	2.6116	0.38290	339.24	372.87	2.0452	0.58041	0.79507	211.93	44.590	9.0689	0.0087472	vapor
195.72	0.18784	5.2959	0.18882	345.12	380.59	1.9470	0.61638	0.85103	216.34	36.374	9.8039	0.0096994	vapor
204.29	0.28784	7.8933	0.12669	348.62	385.09	1.8927	0.64156	0.89379	218.47	32.089	10.290	0.010355	vapor
210.80	0.38784	10.449	0.095706	351.12	388.23	1.8550	0.66151	0.93021	219.70	29.280	10.669	0.010881	vapor
216.14	0.48784	12.982	0.077029	353.03	390.61	1.8260	0.67827	0.96284	220.44	27.236	10.988	0.011334	vapor
220.70	0.58784	15.505	0.064496	354.58	392.49	1.8024	0.69283	0.99298	220.88	25.656	11.266	0.011739	vapor
224.71	0.68784	18.024	0.055481	355.85	394.02	1.7824	0.70580	1.0214	221.12	24.383	11.516	0.012110	vapor
228.31	0.78784	20.546	0.048672	356.93	395.27	1.7650	0.71753	1.0486	221.20	23.327	11.744	0.012457	vapor
231.59	0.88784	23.073	0.043341	357.84	396.32	1.7496	0.72830	1.0750	221.18	22.432	11.956	0.012784	vapor
234.60	0.98784	25.609	0.039049	358.63	397.20	1.7357	0.73827	1.1007	221.06	21.660	12.155	0.013097	vapor
237.39	1.0878	28.157	0.035515	359.30	397.94	1.7231	0.74759	1.1260	220.88	20.984	12.343	0.013399	vapor
240.00	1.1878	30.719	0.032553	359.89	398.55	1.7114	0.75636	1.1511	220.64	20.386	12.522	0.013691	vapor
242.46	1.2878	33.296	0.030033	360.39	399.07	1.7006	0.76467	1.1760	220.35	19.852	12.693	0.013976	vapor
244.77	1.3878	35.891	0.027862	360.82	399.49	1.6905	0.77257	1.2009	220.02	19.371	12.857	0.014255	vapor
246.97	1.4878	38.505	0.025970	361.20	399.84	1.6809	0.78013	1.2260	219.65	18.934	13.016	0.014530	vapor
249.06	1.5878	41.140	0.024307	361.51	400.11	1.6719	0.78738	1.2512	219.26	18.534	13.171	0.014802	vapor
251.06	1.6878	43.797	0.022832	361.78	400.31	1.6633	0.79437	1.2767	218.84	18.167	13.321	0.015070	vapor
252.98	1.7878	46.478	0.021516	362.00	400.46	1.6551	0.80111	1.3025	218.39	17.828	13.467	0.015338	vapor
254.81	1.8878	49.183	0.020332	362.17	400.55	1.6472	0.80766	1.3287	217.93	17.514	13.610	0.015604	vapor
256.58	1.9878	51.915	0.019262	362.31	400.60	1.6396	0.81401	1.3554	217.45	17.221	13.750	0.015870	vapor
258.29	2.0878	54.674	0.018290	362.40	400.59	1.6323	0.82020	1.3827	216.95	16.947	13.888	0.016136	vapor
259.93	2.1878	57.462	0.017403	362.47	400.54	1.6253	0.82625	1.4106	216.43	16.690	14.024	0.016403	vapor
261.52	2.2878	60.280	0.016589	362.49	400.45	1.6184	0.83216	1.4392	215.90	16.448	14.158	0.016671	vapor
263.07	2.3878	63.130	0.015840	362.49	400.32	1.6117	0.83796	1.4685	215.36	16.219	14.290	0.016941	vapor
264.56	2.4878	66.013	0.015149	362.46	400.14	1.6052	0.84365	1.4988	214.81	16.002	14.421	0.017214	vapor
266.01	2.5878	68.931	0.014507	362.39	399.94	1.5988	0.84924	1.5299	214.25	15.796	14.551	0.017489	vapor
267.43	2.6878	71.885	0.013911	362.30	399.69	1.5926	0.85476	1.5621	213.67	15.600	14.680	0.017768	vapor
268.80	2.7878	74.876	0.013355	362.18	399.42	1.5865	0.86020	1.5954	213.09	15.412	14.809	0.018051	vapor
270.14	2.8878	77.907	0.012836	362.04	399.10	1.5804	0.86558	1.6299	212.50	15.233	14.936	0.018339	vapor
271.45	2.9878	80.979	0.012349	361.86	398.76	1.5745	0.87090	1.6657	211.90	15.060	15.064	0.018631	vapor
272.72	3.0878	84.094	0.011891	361.67	398.38	1.5687	0.87617	1.7029	211.29	14.894	15.191	0.018929	vapor
273.97	3.1878	87.254	0.011461	361.44	397.98	1.5629	0.88141	1.7417	210.68	14.735	15.318	0.019232	vapor
275.18	3.2878	90.461	0.011055	361.19	397.54	1.5572	0.88661	1.7821	210.06	14.580	15.445	0.019543	vapor
276.37	3.3878	93.717	0.010670	360.92	397.07	1.5516	0.89178	1.8244	209.43	14.431	15.573	0.019861	vapor
277.53	3.4878	97.024	0.010307	360.61	396.56	1.5460	0.89693	1.8687	208.80	14.285	15.700	0.020186	vapor
278.67	3.5878	100.38	0.0099617	360.29	396.03	1.5404	0.90206	1.9151	208.16	14.144	15.829	0.020521	vapor
279.79	3.6878	103.80	0.0096337	359.94	395.47	1.5349	0.90719	1.9639	207.51	14.006	15.958	0.020864	vapor
280.88	3.7878	107.28	0.0093215	359.56	394.87	1.5294	0.91232	2.0152	206.86	13.872	16.088	0.021218	vapor
281.96	3.8878	110.82	0.0090239	359.16	394.24	1.5239	0.91744	2.0694	206.20	13.740	16.219	0.021584	vapor
283.01	3.9878	114.42	0.0087396	358.73	393.58	1.5184	0.92258	2.1267	205.54	13.611	16.352	0.021961	vapor
284.04	4.0878	118.09	0.0084678	358.27	392.89	1.5129	0.92773	2.1873	204.87	13.484	16.486	0.022351	vapor
285.06	4.1878	121.84	0.0082075	357.79	392.16	1.5074	0.93290	2.2517	204.20	13.359	16.621	0.022756	vapor
286.06	4.2878	125.66	0.0079578	357.28	391.40	1.5020	0.93809	2.3203	203.52	13.235	16.758	0.023177	vapor
287.04	4.3878	129.57	0.0077181	356.74	390.61	1.4964	0.94332	2.3934	202.84	13.113	16.897	0.023614	vapor
288.00	4.4878	133.56	0.0074875	356.17	389.77	1.4909	0.94859	2.4716	202.15	12.991	17.039	0.024071	vapor
288.95	4.5878	137.64	0.0072655	355.57	388.90	1.4853	0.95390	2.5555	201.46	12.870	17.183	0.024547	vapor
289.88	4.6878	141.81	0.0070515	354.94	387.99	1.4797	0.95927	2.6458	200.76	12.750	17.330	0.025046	vapor
290.79	4.7878	146.10	0.0068448	354.27	387.04	1.4740	0.96469	2.7431	200.06	12.630	17.479	0.025569	vapor
291.70	4.8878	150.49	0.0066450	353.57	386.05	1.4683	0.97018	2.8486	199.35	12.509	17.633	0.026120	vapor
292.58	4.9878	155.00	0.0064516	352.84	385.02	1.4625	0.97575	2.9632	198.64	12.388	17.790	0.026700	vapor
293.46	5.0878	159.64	0.0062641	352.06	383.93	1.4567	0.98140	3.0883	197.93	12.266	17.951	0.027313	vapor
294.32	5.1878	164.42	0.0060821	351.24	382.80	1.4507	0.98715	3.2253	197.21	12.143	18.116	0.027963	vapor
295.17	5.2878	169.34	0.0059051	350.38	381.61	1.4446	0.99299	3.3763	196.48	12.018	18.287	0.028655	vapor
296.00	5.3878	174.43	0.0057328	349.48	380.36	1.4385	0.99896	3.5433	195.75	11.891	18.463	0.029392	vapor
296.83	5.4878	179.70	0.0055648	348.52	379.06	1.4322	1.0051	3.7292	195.02	11.762	18.645	0.030182	vapor
297.64	5.5878	185.16	0.0054007	347.51	377.69	1.4257	1.0113	3.9374	194.28	11.629	18.835	0.031030	vapor
298.44	5.6878	190.84	0.0052401	346.44	376.24	1.4191	1.0177	4.1723	193.53	11.494	19.032	0.031947	vapor
299.23	5.7878	196.75	0.0050826	345.30	374.72	1.4122	1.0242	4.4395	192.78	11.354	19.238	0.032941	vapor
300.00	5.8878	202.93	0.0049278	344.10	373.11	1.4052	1.0310	4.7462	192.02	11.209	19.455	0.034026	vapor
300.77	5.9878	209.41	0.0047753	342.81	371.41	1.3979	1.0380	5.1018	191.26	11.059	19.683	0.035218	vapor
301.53	6.0878	216.24	0.0046246	341.44	369.59	1.3903	1.0452	5.5193	190.48	10.902	19.924	0.036536	vapor
302.27	6.1878	223.45	0.0044752	339.96	367.65	1.3824	1.0527	6.0163	189.70	10.738	20.181	0.038008	vapor
303.01	6.2878	231.13	0.0043266	338.37	365.57	1.3741	1.0606	6.6184	188.91	10.564	20.457	0.039669	vapor
303.73	6.3878	239.35	0.0041781	336.63	363.32	1.3652	1.0688	7.3626	188.11	10.380	20.755	0.041566	vapor
304.45	6.4878	248.22	0.0040287	334.74	360.87	1.3558	1.0774	8.3064	187.30	10.181	21.080	0.043769	vapor
305.15	6.5878	257.90	0.0038774	332.64	358.18	1.3457	1.0865	9.5426	186.48	9.9666	21.440	0.046380	vapor
305.85	6.6878	268.63	0.0037226	330.29	355.18	1.3347	1.0963	11.232	185.63	9.7305	21.845	0.049560	vapor
306.53	6.7878	280.73	0.0035621	327.60	351.78	1.3223	1.1068	13.680	184.77	9.4664	22.311	0.053583	vapor
307.20	6.8878	294.79	0.0033923	324.44	347.81	1.3083	1.1182	17.541	183.88	9.1632	22.865	0.058968	vapor
307.87	6.9878	311.88	0.0032064	320.57	342.97	1.2915	1.1308	24.526	182.95	8.8006	23.559	0.061899	vapor
308.52	7.0878	334.50	0.0029895	315.41	336.60	1.2698	1.1450	40.885	181.99	8.3336	24.518	0.064692	vapor
309.16	7.1878	371.89	0.0026890	306.92	326.25	1.2354	1.1609	119.80	181.08	7.6038	26.218	0.069591	vapor