185.00	0.10000	2.9364	0.34055	340.53	374.58	2.0306	0.58556	0.80235	213.04	42.601	9.2114e-06	0.0089284	vapor
195.00	0.10000	2.7731	0.36061	346.50	382.56	2.0727	0.58614	0.79554	218.78	34.465	9.7183e-06	0.0095886	vapor
205.00	0.10000	2.6288	0.38040	352.48	390.52	2.1125	0.59252	0.79748	224.19	28.963	1.0226e-05	0.010271	vapor
215.00	0.10000	2.5000	0.40000	358.52	398.52	2.1506	0.60154	0.80355	229.36	24.976	1.0732e-05	0.010975	vapor
225.00	0.10000	2.3839	0.41949	364.65	406.60	2.1873	0.61178	0.81168	234.34	21.923	1.1238e-05	0.011698	vapor
235.00	0.10000	2.2785	0.43888	370.87	414.76	2.2228	0.62255	0.82086	239.17	19.490	1.1741e-05	0.012437	vapor
245.00	0.10000	2.1824	0.45821	377.20	423.02	2.2572	0.63350	0.83056	243.86	17.493	1.2242e-05	0.013192	vapor
255.00	0.10000	2.0944	0.47747	383.62	431.37	2.2906	0.64444	0.84050	248.44	15.819	1.2740e-05	0.013962	vapor
265.00	0.10000	2.0133	0.49670	390.16	439.83	2.3231	0.65525	0.85049	252.91	14.394	1.3234e-05	0.014743	vapor
275.00	0.10000	1.9384	0.51589	396.79	448.38	2.3548	0.66589	0.86045	257.28	13.166	1.3725e-05	0.015537	vapor
285.00	0.10000	1.8690	0.53504	403.53	457.04	2.3857	0.67632	0.87030	261.57	12.097	1.4211e-05	0.016340	vapor
295.00	0.10000	1.8045	0.55418	410.37	465.79	2.4159	0.68652	0.88001	265.78	11.160	1.4693e-05	0.017152	vapor
305.00	0.10000	1.7443	0.57328	417.31	474.63	2.4454	0.69649	0.88955	269.91	10.331	1.5171e-05	0.017973	vapor
315.00	0.10000	1.6881	0.59237	424.34	483.58	2.4742	0.70623	0.89892	273.97	9.5943	1.5644e-05	0.018800	vapor
325.00	0.10000	1.6355	0.61144	431.47	492.61	2.5025	0.71575	0.90812	277.96	8.9356	1.6112e-05	0.019634	vapor
335.00	0.10000	1.5860	0.63050	438.69	501.74	2.5301	0.72504	0.91713	281.88	8.3437	1.6575e-05	0.020473	vapor
345.00	0.10000	1.5395	0.64954	446.00	510.95	2.5572	0.73413	0.92597	285.75	7.8095	1.7034e-05	0.021318	vapor
355.00	0.10000	1.4957	0.66857	453.40	520.26	2.5838	0.74302	0.93463	289.55	7.3252	1.7488e-05	0.022166	vapor
365.00	0.10000	1.4543	0.68759	460.89	529.65	2.6099	0.75171	0.94313	293.30	6.8846	1.7937e-05	0.023017	vapor
375.00	0.10000	1.4152	0.70660	468.46	539.12	2.6355	0.76022	0.95146	297.00	6.4823	1.8381e-05	0.023872	vapor
385.00	0.10000	1.3782	0.72561	476.11	548.68	2.6607	0.76856	0.95964	300.65	6.1138	1.8820e-05	0.024728	vapor
395.00	0.10000	1.3430	0.74460	483.85	558.31	2.6854	0.77672	0.96766	304.25	5.7751	1.9255e-05	0.025586	vapor
405.00	0.10000	1.3096	0.76359	491.67	568.03	2.7097	0.78472	0.97553	307.80	5.4631	1.9686e-05	0.026445	vapor
415.00	0.10000	1.2778	0.78258	499.56	577.82	2.7336	0.79257	0.98326	311.31	5.1748	2.0112e-05	0.027304	vapor
425.00	0.10000	1.2476	0.80155	507.54	587.69	2.7571	0.80026	0.99084	314.77	4.9078	2.0534e-05	0.028162	vapor
435.00	0.10000	1.2187	0.82052	515.59	597.64	2.7802	0.80780	0.99829	318.20	4.6599	2.0951e-05	0.029020	vapor
445.00	0.10000	1.1912	0.83949	523.71	607.66	2.8030	0.81520	1.0056	321.58	4.4294	2.1365e-05	0.029875	vapor
455.00	0.10000	1.1649	0.85845	531.90	617.75	2.8254	0.82246	1.0128	324.92	4.2144	2.1774e-05	0.030728	vapor
465.00	0.10000	1.1397	0.87741	540.17	627.91	2.8475	0.82958	1.0198	328.23	4.0137	2.2180e-05	0.031579	vapor
475.00	0.10000	1.1156	0.89637	548.51	638.15	2.8693	0.83656	1.0267	331.51	3.8259	2.2581e-05	0.032425	vapor
485.00	0.10000	1.0925	0.91532	556.92	648.45	2.8907	0.84342	1.0335	334.74	3.6499	2.2979e-05	0.033267	vapor
495.00	0.10000	1.0704	0.93427	565.39	658.82	2.9119	0.85014	1.0402	337.95	3.4847	2.3374e-05	0.034105	vapor
505.00	0.10000	1.0491	0.95322	573.93	669.25	2.9327	0.85673	1.0467	341.12	3.3294	2.3765e-05	0.034937	vapor
515.00	0.10000	1.0286	0.97216	582.53	679.75	2.9533	0.86320	1.0531	344.26	3.1832	2.4152e-05	0.035762	vapor
525.00	0.10000	1.0090	0.99110	591.20	690.31	2.9736	0.86954	1.0594	347.38	3.0453	2.4537e-05	0.036581	vapor
185.00	0.50000	1230.1	0.00081296	0.31722	0.72370	0.0021621	0.95750	1.7182	1134.3	-0.26354	0.00030625	0.20375	liquid
195.00	0.50000	1200.2	0.00083322	17.533	17.949	0.092842	0.94525	1.7282	1069.9	-0.24406	0.00025788	0.19143	liquid
205.00	0.50000	1169.2	0.00085529	34.885	35.312	0.17967	0.93517	1.7457	1005.6	-0.21860	0.00022047	0.17927	liquid
215.00	0.50000	1136.9	0.00087960	52.453	52.892	0.26340	0.92694	1.7719	941.16	-0.18560	0.00019076	0.16724	liquid
216.73	0.50000	1131.1	0.00088406	55.513	55.955	0.27759	0.92569	1.7774	929.97	-0.17898	0.00018624	0.16517	liquid
216.73	0.50000	13.289	0.075249	353.24	390.86	1.8229	0.68014	0.96662	220.51	27.023	1.1023e-05	0.011386	vapor
225.00	0.50000	12.652	0.079037	359.17	398.69	1.8583	0.66400	0.92913	225.96	23.700	1.1429e-05	0.011962	vapor
235.00	0.50000	11.983	0.083450	366.13	407.85	1.8982	0.65766	0.90649	231.99	20.600	1.1920e-05	0.012680	vapor
245.00	0.50000	11.397	0.087743	372.99	416.86	1.9357	0.65870	0.89675	237.59	18.199	1.2410e-05	0.013419	vapor
255.00	0.50000	10.875	0.091954	379.83	425.81	1.9715	0.66348	0.89387	242.90	16.279	1.2898e-05	0.014175	vapor
265.00	0.50000	10.406	0.096102	386.70	434.75	2.0059	0.67024	0.89487	247.98	14.701	1.3384e-05	0.014945	vapor
275.00	0.50000	9.9797	0.10020	393.61	443.72	2.0391	0.67805	0.89818	252.86	13.376	1.3867e-05	0.015728	vapor
285.00	0.50000	9.5908	0.10427	400.59	452.72	2.0713	0.68641	0.90292	257.59	12.243	1.4346e-05	0.016522	vapor
295.00	0.50000	9.2338	0.10830	407.63	461.78	2.1025	0.69505	0.90858	262.18	11.262	1.4822e-05	0.017327	vapor
305.00	0.50000	8.9044	0.11230	414.74	470.89	2.1329	0.70380	0.91483	266.65	10.403	1.5294e-05	0.018140	vapor
315.00	0.50000	8.5994	0.11629	421.93	480.08	2.1625	0.71256	0.92147	271.01	9.6447	1.5761e-05	0.018961	vapor
325.00	0.50000	8.3158	0.12025	429.20	489.32	2.1914	0.72128	0.92837	275.26	8.9701	1.6224e-05	0.019789	vapor
335.00	0.50000	8.0515	0.12420	436.54	498.64	2.2197	0.72993	0.93544	279.43	8.3663	1.6683e-05	0.020622	vapor
345.00	0.50000	7.8043	0.12814	443.97	508.03	2.2473	0.73846	0.94260	283.51	7.8230	1.7138e-05	0.021462	vapor
355.00	0.50000	7.5725	0.13206	451.47	517.50	2.2743	0.74689	0.94982	287.51	7.3318	1.7587e-05	0.022305	vapor
365.00	0.50000	7.3547	0.13597	459.05	527.03	2.3008	0.75519	0.95705	291.44	6.8858	1.8033e-05	0.023152	vapor
375.00	0.50000	7.1496	0.13987	466.70	536.64	2.3268	0.76336	0.96427	295.30	6.4793	1.8473e-05	0.024003	vapor
385.00	0.50000	6.9560	0.14376	474.44	546.32	2.3523	0.77140	0.97146	299.10	6.1074	1.8910e-05	0.024855	vapor
395.00	0.50000	6.7730	0.14765	482.24	556.07	2.3773	0.77931	0.97861	302.84	5.7662	1.9342e-05	0.025709	vapor
405.00	0.50000	6.5997	0.15152	490.13	565.89	2.4018	0.78709	0.98570	306.51	5.4522	1.9769e-05	0.026565	vapor
415.00	0.50000	6.4353	0.15539	498.08	575.78	2.4259	0.79474	0.99273	310.14	5.1624	2.0193e-05	0.027420	vapor
425.00	0.50000	6.2791	0.15926	506.11	585.74	2.4497	0.80226	0.99968	313.71	4.8942	2.0612e-05	0.028276	vapor
435.00	0.50000	6.1305	0.16312	514.21	595.77	2.4730	0.80965	1.0066	317.23	4.6455	2.1027e-05	0.029130	vapor
445.00	0.50000	5.9890	0.16697	522.39	605.87	2.4959	0.81691	1.0134	320.70	4.4143	2.1438e-05	0.029983	vapor
455.00	0.50000	5.8540	0.17082	530.63	616.04	2.5185	0.82405	1.0201	324.13	4.1990	2.1846e-05	0.030834	vapor
465.00	0.50000	5.7251	0.17467	538.94	626.27	2.5408	0.83106	1.0267	327.52	3.9980	2.2249e-05	0.031681	vapor
475.00	0.50000	5.6018	0.17851	547.32	636.57	2.5627	0.83795	1.0332	330.87	3.8101	2.2649e-05	0.032526	vapor
485.00	0.50000	5.4839	0.18235	555.76	646.94	2.5843	0.84471	1.0396	334.17	3.6340	2.3045e-05	0.033366	vapor
495.00	0.50000	5.3709	0.18619	564.27	657.37	2.6056	0.85135	1.0460	337.44	3.4689	2.3438e-05	0.034201	vapor
505.00	0.50000	5.2625	0.19002	572.85	667.86	2.6266	0.85788	1.0522	340.68	3.3137	2.3827e-05	0.035031	vapor
515.00	0.50000	5.1585	0.19385	581.48	678.41	2.6473	0.86428	1.0583	343.87	3.1677	2.4213e-05	0.035854	vapor
525.00	0.50000	5.0587	0.19768	590.18	689.02	2.6677	0.87056	1.0644	347.04	3.0300	2.4596e-05	0.036671	vapor
185.00	1.0000	1230.8	0.00081250	0.13786	0.95036	0.0011907	0.95776	1.7168	1136.6	-0.26437	0.00030716	0.20404	liquid
195.00	1.0000	1201.0	0.00083267	17.328	18.161	0.091789	0.94550	1.7264	1072.5	-0.24517	0.00025870	0.19174	liquid
205.00	1.0000	1170.1	0.00085461	34.649	35.504	0.17852	0.93540	1.7435	1008.5	-0.22010	0.00022122	0.17961	liquid
215.00	1.0000	1138.0	0.00087877	52.179	53.058	0.26212	0.92715	1.7689	944.32	-0.18767	0.00019147	0.16762	liquid
225.00	1.0000	1104.1	0.00090571	70.010	70.915	0.34330	0.92053	1.8046	879.51	-0.14556	0.00016723	0.15573	liquid
234.95	1.0000	1068.3	0.00093609	88.162	89.098	0.42237	0.91543	1.8536	813.80	-0.090429	0.00014703	0.14395	liquid
234.95	1.0000	25.918	0.038583	358.71	397.30	1.7341	0.73944	1.1038	221.04	21.573	1.2179e-05	0.013135	vapor
235.00	1.0000	25.909	0.038597	358.76	397.35	1.7344	0.73921	1.1032	221.09	21.557	1.2181e-05	0.013138	vapor
245.00	1.0000	24.300	0.041153	366.82	407.97	1.7786	0.70994	1.0290	228.57	18.904	1.2649e-05	0.013814	vapor
255.00	1.0000	22.954	0.043566	374.48	418.05	1.8190	0.69815	0.99007	235.21	16.780	1.3120e-05	0.014528	vapor
265.00	1.0000	21.794	0.045885	381.95	427.83	1.8566	0.69520	0.96898	241.29	15.054	1.3591e-05	0.015267	vapor
275.00	1.0000	20.774	0.048137	389.32	437.46	1.8923	0.69695	0.95774	246.98	13.625	1.4061e-05	0.016026	vapor
285.00	1.0000	19.865	0.050339	396.67	447.01	1.9264	0.70130	0.95229	252.37	12.419	1.4530e-05	0.016800	vapor
295.00	1.0000	19.047	0.052502	404.02	456.52	1.9592	0.70715	0.95045	257.51	11.387	1.4996e-05	0.017588	vapor
305.00	1.0000	18.304	0.054634	411.39	466.02	1.9909	0.71388	0.95098	262.45	10.491	1.5459e-05	0.018387	vapor
315.00	1.0000	17.624	0.056741	418.80	475.54	2.0216	0.72111	0.95311	267.22	9.7058	1.5918e-05	0.019195	vapor
325.00	1.0000	16.999	0.058825	426.26	485.09	2.0514	0.72864	0.95636	271.85	9.0114	1.6374e-05	0.020012	vapor
335.00	1.0000	16.423	0.060892	433.78	494.67	2.0804	0.73633	0.96042	276.33	8.3928	1.6826e-05	0.020836	vapor
345.00	1.0000	15.887	0.062943	441.36	504.30	2.1088	0.74410	0.96506	280.70	7.8382	1.7275e-05	0.021666	vapor
355.00	1.0000	15.389	0.064980	449.00	513.98	2.1364	0.75189	0.97014	284.96	7.3384	1.7719e-05	0.022502	vapor
365.00	1.0000	14.924	0.067005	456.70	523.70	2.1634	0.75965	0.97554	289.12	6.8857	1.8159e-05	0.023341	vapor
375.00	1.0000	14.489	0.069020	464.47	533.49	2.1899	0.76737	0.98117	293.19	6.4740	1.8595e-05	0.024185	vapor
385.00	1.0000	14.079	0.071025	472.30	543.33	2.2158	0.77502	0.98698	297.18	6.0982	1.9027e-05	0.025031	vapor
395.00	1.0000	13.694	0.073023	480.20	553.23	2.2411	0.78260	0.99291	301.09	5.7539	1.9455e-05	0.025880	vapor
405.00	1.0000	13.331	0.075012	488.17	563.19	2.2660	0.79009	0.99892	304.93	5.4375	1.9879e-05	0.026730	vapor
415.00	1.0000	12.988	0.076995	496.21	573.21	2.2905	0.79748	1.0050	308.70	5.1459	2.0298e-05	0.027580	vapor
425.00	1.0000	12.663	0.078972	504.31	583.29	2.3145	0.80478	1.0111	312.40	4.8764	2.0714e-05	0.028431	vapor
435.00	1.0000	12.354	0.080944	512.48	593.43	2.3381	0.81198	1.0172	316.05	4.6267	2.1126e-05	0.029281	vapor
445.00	1.0000	12.061	0.082910	520.72	603.63	2.3613	0.81907	1.0233	319.64	4.3948	2.1534e-05	0.030129	vapor
455.00	1.0000	11.782	0.084872	529.02	613.89	2.3841	0.82605	1.0294	323.17	4.1790	2.1938e-05	0.030976	vapor
465.00	1.0000	11.517	0.086830	537.39	624.22	2.4065	0.83292	1.0354	326.66	3.9778	2.2339e-05	0.031820	vapor
475.00	1.0000	11.263	0.088784	545.82	634.60	2.4286	0.83968	1.0414	330.09	3.7898	2.2736e-05	0.032660	vapor
485.00	1.0000	11.021	0.090735	554.31	645.05	2.4504	0.84634	1.0474	333.49	3.6138	2.3130e-05	0.033497	vapor
495.00	1.0000	10.790	0.092682	562.87	655.55	2.4718	0.85288	1.0533	336.83	3.4488	2.3520e-05	0.034329	vapor
505.00	1.0000	10.568	0.094626	571.49	666.11	2.4929	0.85931	1.0591	340.14	3.2938	2.3907e-05	0.035156	vapor
515.00	1.0000	10.355	0.096568	580.16	676.73	2.5138	0.86562	1.0649	343.41	3.1481	2.4291e-05	0.035977	vapor
525.00	1.0000	10.152	0.098507	588.90	687.41	2.5343	0.87183	1.0706	346.64	3.0108	2.4672e-05	0.036792	vapor
185.00	1.5000	1231.5	0.00081205	-0.040513	1.1776	0.00022344	0.95802	1.7155	1139.0	-0.26518	0.00030806	0.20433	liquid
195.00	1.5000	1201.8	0.00083212	17.124	18.373	0.090742	0.94574	1.7247	1075.0	-0.24626	0.00025951	0.19206	liquid
205.00	1.5000	1171.0	0.00085395	34.415	35.696	0.17737	0.93563	1.7412	1011.3	-0.22159	0.00022197	0.17996	liquid
215.00	1.5000	1139.0	0.00087795	51.907	53.224	0.26085	0.92737	1.7659	947.46	-0.18970	0.00019217	0.16800	liquid
225.00	1.5000	1105.4	0.00090467	69.691	71.048	0.34188	0.92071	1.8006	883.04	-0.14840	0.00016791	0.15616	liquid
235.00	1.5000	1069.6	0.00093493	87.877	89.279	0.42115	0.91554	1.8483	817.47	-0.094196	0.00014761	0.14437	liquid
245.00	1.5000	1031.0	0.00096992	106.62	108.08	0.49948	0.91184	1.9151	749.90	-0.021211	0.00013016	0.13258	liquid
247.23	1.5000	1021.9	0.00097855	110.90	112.37	0.51692	0.91123	1.9336	734.43	-0.0014248	0.00012656	0.12995	liquid
247.23	1.5000	38.825	0.025757	361.24	399.87	1.6798	0.78103	1.2290	219.61	18.883	1.3035e-05	0.014563	vapor
255.00	1.5000	36.716	0.027236	368.19	409.05	1.7163	0.74955	1.1401	226.30	17.198	1.3379e-05	0.015032	vapor
265.00	1.5000	34.472	0.029009	376.57	420.08	1.7588	0.72921	1.0741	233.84	15.372	1.3828e-05	0.015699	vapor
275.00	1.5000	32.590	0.030684	384.59	430.62	1.7979	0.72100	1.0366	240.60	13.858	1.4280e-05	0.016408	vapor
285.00	1.5000	30.967	0.032292	392.43	440.87	1.8344	0.71925	1.0143	246.81	12.588	1.4733e-05	0.017147	vapor
295.00	1.5000	29.541	0.033851	400.16	450.94	1.8692	0.72114	1.0011	252.61	11.507	1.5186e-05	0.017906	vapor
305.00	1.5000	28.271	0.035371	407.85	460.91	1.9024	0.72515	0.99338	258.11	10.576	1.5638e-05	0.018682	vapor
315.00	1.5000	27.129	0.036861	415.53	470.82	1.9344	0.73045	0.98934	263.34	9.7643	1.6088e-05	0.019471	vapor
325.00	1.5000	26.091	0.038327	423.21	480.70	1.9653	0.73653	0.98782	268.36	9.0503	1.6535e-05	0.020272	vapor
335.00	1.5000	25.144	0.039771	430.92	490.58	1.9952	0.74311	0.98807	273.20	8.4169	1.6980e-05	0.021082	vapor
345.00	1.5000	24.273	0.041199	438.67	500.47	2.0243	0.74999	0.98961	277.87	7.8512	1.7421e-05	0.021899	vapor
355.00	1.5000	23.468	0.042611	446.46	510.38	2.0526	0.75707	0.99212	282.40	7.3428	1.7859e-05	0.022724	vapor
365.00	1.5000	22.722	0.044010	454.30	520.31	2.0802	0.76425	0.99535	286.80	6.8837	1.8293e-05	0.023554	vapor
375.00	1.5000	22.027	0.045398	462.19	530.28	2.1072	0.77148	0.99915	291.09	6.4670	1.8724e-05	0.024388	vapor
385.00	1.5000	21.378	0.046777	470.13	540.30	2.1335	0.77872	1.0034	295.28	6.0874	1.9150e-05	0.025227	vapor
395.00	1.5000	20.770	0.048146	478.13	550.35	2.1593	0.78594	1.0079	299.36	5.7401	1.9574e-05	0.026068	vapor
405.00	1.5000	20.199	0.049508	486.19	560.46	2.1846	0.79313	1.0127	303.36	5.4215	1.9993e-05	0.026911	vapor
415.00	1.5000	19.661	0.050862	494.31	570.61	2.2093	0.80026	1.0178	307.28	5.1283	2.0409e-05	0.027755	vapor
425.00	1.5000	19.153	0.052210	502.50	580.81	2.2336	0.80733	1.0229	311.12	4.8575	2.0821e-05	0.028600	vapor
435.00	1.5000	18.673	0.053553	510.74	591.07	2.2575	0.81432	1.0282	314.89	4.6070	2.1229e-05	0.029444	vapor
445.00	1.5000	18.218	0.054891	519.04	601.38	2.2809	0.82123	1.0336	318.59	4.3746	2.1634e-05	0.030288	vapor
455.00	1.5000	17.786	0.056223	527.40	611.74	2.3039	0.82805	1.0390	322.24	4.1585	2.2035e-05	0.031130	vapor
465.00	1.5000	17.376	0.057552	535.83	622.15	2.3266	0.83479	1.0444	325.82	3.9571	2.2433e-05	0.031968	vapor
475.00	1.5000	16.985	0.058877	544.31	632.63	2.3489	0.84142	1.0499	329.35	3.7690	2.2827e-05	0.032805	vapor
485.00	1.5000	16.612	0.060198	552.86	643.15	2.3708	0.84796	1.0553	332.82	3.5931	2.3218e-05	0.033638	vapor
495.00	1.5000	16.256	0.061516	561.46	653.73	2.3924	0.85440	1.0608	336.25	3.4283	2.3606e-05	0.034467	vapor
505.00	1.5000	15.916	0.062830	570.12	664.37	2.4136	0.86074	1.0662	339.63	3.2736	2.3991e-05	0.035291	vapor
515.00	1.5000	15.590	0.064142	578.84	675.06	2.4346	0.86697	1.0716	342.97	3.1282	2.4372e-05	0.036108	vapor
525.00	1.5000	15.278	0.065451	587.62	685.80	2.4553	0.87310	1.0769	346.26	2.9913	2.4751e-05	0.036919	vapor
185.00	2.0000	1232.1	0.00081159	-0.21791	1.4053	-0.00073978	0.95828	1.7141	1141.3	-0.26599	0.00030896	0.20462	liquid
195.00	2.0000	1202.5	0.00083157	16.922	18.585	0.089700	0.94599	1.7230	1077.6	-0.24734	0.00026032	0.19237	liquid
205.00	2.0000	1171.9	0.00085329	34.183	35.889	0.17624	0.93587	1.7390	1014.1	-0.22304	0.00022272	0.18030	liquid
215.00	2.0000	1140.1	0.00087713	51.638	53.393	0.25960	0.92758	1.7631	950.58	-0.19169	0.00019288	0.16839	liquid
225.00	2.0000	1106.6	0.00090365	69.375	71.182	0.34047	0.92090	1.7967	886.53	-0.15118	0.00016859	0.15658	liquid
235.00	2.0000	1071.1	0.00093362	87.501	89.368	0.41954	0.91569	1.8429	821.44	-0.098189	0.00014829	0.14484	liquid
245.00	2.0000	1032.9	0.00096818	106.16	108.10	0.49759	0.91191	1.9072	754.51	-0.027181	0.00013085	0.13313	liquid
255.00	2.0000	990.86	0.0010092	125.59	127.61	0.57561	0.90975	2.0003	684.43	0.071890	0.00011539	0.12135	liquid
256.79	2.0000	982.81	0.0010175	129.18	131.21	0.58970	0.90957	2.0216	671.38	0.093921	0.00011277	0.11923	liquid
256.79	2.0000	52.249	0.019139	362.32	400.60	1.6387	0.81477	1.3587	217.39	17.187	1.3767e-05	0.015902	vapor
265.00	2.0000	48.952	0.020428	370.32	411.18	1.6793	0.77597	1.2320	225.30	15.658	1.4105e-05	0.016307	vapor
275.00	2.0000	45.738	0.021864	379.30	423.02	1.7232	0.75183	1.1449	233.55	14.077	1.4530e-05	0.016911	vapor
285.00	2.0000	43.097	0.023204	387.79	434.20	1.7631	0.74104	1.0944	240.83	12.749	1.4962e-05	0.017581	vapor
295.00	2.0000	40.852	0.024478	396.02	444.98	1.8003	0.73740	1.0634	247.44	11.623	1.5398e-05	0.018293	vapor
305.00	2.0000	38.902	0.025706	404.09	455.50	1.8354	0.73783	1.0437	253.58	10.657	1.5835e-05	0.019033	vapor
315.00	2.0000	37.180	0.026896	412.08	465.87	1.8688	0.74067	1.0312	259.34	9.8195	1.6273e-05	0.019794	vapor
325.00	2.0000	35.640	0.028058	420.03	476.14	1.9009	0.74500	1.0234	264.80	9.0861	1.6710e-05	0.020571	vapor
335.00	2.0000	34.250	0.029197	427.96	486.35	1.9319	0.75028	1.0188	270.01	8.4381	1.7145e-05	0.021362	vapor
345.00	2.0000	32.986	0.030316	435.90	496.53	1.9618	0.75616	1.0165	275.02	7.8615	1.7577e-05	0.022163	vapor
355.00	2.0000	31.829	0.031418	443.85	506.69	1.9908	0.76244	1.0160	279.83	7.3448	1.8008e-05	0.022973	vapor
365.00	2.0000	30.763	0.032507	451.84	516.85	2.0191	0.76898	1.0166	284.49	6.8794	1.8435e-05	0.023790	vapor
375.00	2.0000	29.777	0.033583	459.86	527.02	2.0466	0.77568	1.0183	289.00	6.4579	1.8859e-05	0.024614	vapor
385.00	2.0000	28.861	0.034649	467.92	537.22	2.0734	0.78248	1.0207	293.39	6.0747	1.9281e-05	0.025442	vapor
395.00	2.0000	28.007	0.035706	476.03	547.44	2.0996	0.78934	1.0237	297.66	5.7247	1.9699e-05	0.026274	vapor
405.00	2.0000	27.208	0.036754	484.19	557.70	2.1252	0.79621	1.0272	301.82	5.4041	2.0113e-05	0.027109	vapor
415.00	2.0000	26.458	0.037795	492.40	567.99	2.1503	0.80306	1.0310	305.89	5.1094	2.0524e-05	0.027945	vapor
425.00	2.0000	25.753	0.038830	500.66	578.32	2.1749	0.80989	1.0352	309.87	4.8376	2.0932e-05	0.028783	vapor
435.00	2.0000	25.089	0.039858	508.97	588.69	2.1991	0.81668	1.0396	313.76	4.5864	2.1337e-05	0.029621	vapor
445.00	2.0000	24.461	0.040882	517.35	599.11	2.2228	0.82341	1.0441	317.58	4.3535	2.1738e-05	0.030459	vapor
455.00	2.0000	23.866	0.041900	525.77	609.57	2.2460	0.83007	1.0488	321.33	4.1371	2.2136e-05	0.031295	vapor
465.00	2.0000	23.302	0.042914	534.26	620.09	2.2689	0.83666	1.0536	325.01	3.9357	2.2530e-05	0.032128	vapor
475.00	2.0000	22.766	0.043924	542.80	630.65	2.2913	0.84317	1.0585	328.63	3.7477	2.2922e-05	0.032960	vapor
485.00	2.0000	22.256	0.044931	551.39	641.25	2.3134	0.84959	1.0634	332.19	3.5720	2.3310e-05	0.033789	vapor
495.00	2.0000	21.770	0.045934	560.05	651.91	2.3352	0.85593	1.0684	335.69	3.4075	2.3695e-05	0.034613	vapor
505.00	2.0000	21.307	0.046934	568.75	662.62	2.3566	0.86217	1.0734	339.15	3.2531	2.4077e-05	0.035433	vapor
515.00	2.0000	20.863	0.047931	577.52	673.38	2.3777	0.86832	1.0783	342.55	3.1081	2.4456e-05	0.036247	vapor
525.00	2.0000	20.439	0.048926	586.34	684.19	2.3985	0.87438	1.0833	345.91	2.9716	2.4833e-05	0.037055	vapor
185.00	2.5000	1232.8	0.00081114	-0.39436	1.6335	-0.0016990	0.95853	1.7128	1143.6	-0.26679	0.00030986	0.20490	liquid
195.00	2.5000	1203.3	0.00083103	16.721	18.799	0.088663	0.94624	1.7213	1080.1	-0.24841	0.00026113	0.19268	liquid
205.00	2.5000	1172.8	0.00085263	33.952	36.084	0.17510	0.93610	1.7369	1016.9	-0.22448	0.00022346	0.18065	liquid
215.00	2.5000	1141.1	0.00087633	51.372	53.562	0.25835	0.92780	1.7602	953.67	-0.19365	0.00019358	0.16876	liquid
225.00	2.5000	1107.9	0.00090265	69.063	71.319	0.33907	0.92109	1.7929	889.99	-0.15391	0.00016926	0.15700	liquid
235.00	2.5000	1072.6	0.00093233	87.130	89.460	0.41795	0.91583	1.8377	825.36	-0.10208	0.00014896	0.14532	liquid
245.00	2.5000	1034.7	0.00096648	105.71	108.13	0.49573	0.91199	1.8995	759.04	-0.032962	0.00013153	0.13367	liquid
255.00	2.5000	993.18	0.0010069	125.02	127.54	0.57338	0.90971	1.9884	689.84	0.062775	0.00011612	0.12198	liquid
264.74	2.5000	947.68	0.0010552	144.87	147.51	0.65020	0.90950	2.1220	617.59	0.19954	0.00010233	0.11046	liquid
264.74	2.5000	66.366	0.015068	362.45	400.12	1.6044	0.84433	1.5025	214.74	15.976	1.4437e-05	0.017247	vapor
265.00	2.5000	66.198	0.015106	362.74	400.51	1.6059	0.84246	1.4953	215.05	15.930	1.4447e-05	0.017252	vapor
275.00	2.5000	60.724	0.016468	373.21	414.38	1.6573	0.79210	1.3025	225.57	14.283	1.4824e-05	0.017602	vapor
285.00	2.5000	56.550	0.017683	382.65	426.85	1.7018	0.76778	1.2013	234.30	12.902	1.5223e-05	0.018140	vapor
295.00	2.5000	53.166	0.018809	391.52	438.55	1.7422	0.75646	1.1418	241.93	11.732	1.5635e-05	0.018769	vapor
305.00	2.5000	50.318	0.019874	400.08	449.76	1.7796	0.75216	1.1045	248.84	10.733	1.6053e-05	0.019452	vapor
315.00	2.5000	47.861	0.020894	408.44	460.68	1.8148	0.75192	1.0802	255.20	9.8704	1.6475e-05	0.020171	vapor
325.00	2.5000	45.704	0.021880	416.70	471.40	1.8483	0.75413	1.0640	261.16	9.1180	1.6898e-05	0.020915	vapor
335.00	2.5000	43.784	0.022839	424.88	481.98	1.8803	0.75788	1.0532	266.79	8.4558	1.7322e-05	0.021679	vapor
345.00	2.5000	42.058	0.023777	433.03	492.47	1.9112	0.76262	1.0462	272.14	7.8685	1.7745e-05	0.022458	vapor
355.00	2.5000	40.492	0.024696	441.17	502.91	1.9410	0.76802	1.0419	277.26	7.3439	1.8166e-05	0.023250	vapor
365.00	2.5000	39.062	0.025600	449.32	513.32	1.9699	0.77386	1.0395	282.18	6.8724	1.8586e-05	0.024051	vapor
375.00	2.5000	37.749	0.026491	457.48	523.71	1.9980	0.77999	1.0387	286.93	6.4465	1.9003e-05	0.024861	vapor
385.00	2.5000	36.536	0.027371	465.67	534.10	2.0254	0.78633	1.0391	291.52	6.0599	1.9418e-05	0.025677	vapor
395.00	2.5000	35.410	0.028240	473.89	544.49	2.0520	0.79279	1.0403	295.98	5.7075	1.9830e-05	0.026498	vapor
405.00	2.5000	34.363	0.029101	482.15	554.90	2.0781	0.79932	1.0423	300.31	5.3851	2.0239e-05	0.027323	vapor
415.00	2.5000	33.384	0.029955	490.45	565.34	2.1035	0.80590	1.0449	304.53	5.0891	2.0645e-05	0.028150	vapor
425.00	2.5000	32.466	0.030802	498.80	575.80	2.1284	0.81248	1.0479	308.65	4.8165	2.1049e-05	0.028980	vapor
435.00	2.5000	31.603	0.031642	507.19	586.30	2.1528	0.81905	1.0513	312.67	4.5647	2.1449e-05	0.029810	vapor
445.00	2.5000	30.791	0.032477	515.64	596.83	2.1768	0.82559	1.0550	316.60	4.3315	2.1846e-05	0.030641	vapor
455.00	2.5000	30.023	0.033307	524.13	607.40	2.2003	0.83209	1.0589	320.45	4.1151	2.2240e-05	0.031470	vapor
465.00	2.5000	29.297	0.034133	532.68	618.01	2.2233	0.83853	1.0630	324.23	3.9137	2.2631e-05	0.032296	vapor
475.00	2.5000	28.609	0.034954	541.27	628.66	2.2460	0.84491	1.0673	327.94	3.7259	2.3020e-05	0.033124	vapor
485.00	2.5000	27.955	0.035772	549.92	639.35	2.2683	0.85122	1.0716	331.58	3.5505	2.3405e-05	0.033948	vapor
495.00	2.5000	27.332	0.036587	558.63	650.09	2.2902	0.85745	1.0761	335.16	3.3863	2.3787e-05	0.034768	vapor
505.00	2.5000	26.740	0.037398	567.38	660.88	2.3117	0.86360	1.0806	338.69	3.2323	2.4166e-05	0.035583	vapor
515.00	2.5000	26.174	0.038206	576.19	671.71	2.3330	0.86967	1.0852	342.16	3.0877	2.4543e-05	0.036394	vapor
525.00	2.5000	25.633	0.039012	585.05	682.58	2.3539	0.87564	1.0898	345.58	2.9517	2.4917e-05	0.037198	vapor
185.00	3.0000	1233.5	0.00081069	-0.56985	1.8622	-0.0026543	0.95879	1.7115	1145.9	-0.26757	0.00031076	0.20519	liquid
195.00	3.0000	1204.1	0.00083050	16.521	19.013	0.087631	0.94649	1.7197	1082.7	-0.24946	0.00026194	0.19299	liquid
205.00	3.0000	1173.7	0.00085198	33.723	36.279	0.17398	0.93634	1.7348	1019.7	-0.22590	0.00022421	0.18099	liquid
215.00	3.0000	1142.2	0.00087553	51.107	53.734	0.25710	0.92802	1.7575	956.74	-0.19558	0.00019428	0.16914	liquid
225.00	3.0000	1109.1	0.00090165	68.753	71.458	0.33768	0.92128	1.7892	893.41	-0.15658	0.00016994	0.15742	liquid
235.00	3.0000	1074.0	0.00093106	86.763	89.556	0.41637	0.91599	1.8325	829.24	-0.10587	0.00014962	0.14579	liquid
245.00	3.0000	1036.5	0.00096481	105.27	108.16	0.49390	0.91208	1.8921	763.51	-0.038563	0.00013221	0.13420	liquid
255.00	3.0000	995.46	0.0010046	124.47	127.48	0.57118	0.90968	1.9770	695.15	0.054029	0.00011684	0.12260	liquid
265.00	3.0000	949.41	0.0010533	144.69	147.85	0.64951	0.90926	2.1068	622.17	0.18910	0.00010278	0.11088	liquid
271.60	3.0000	914.85	0.0010931	158.89	162.17	0.70288	0.91069	2.2403	569.60	0.31945	9.3831e-05	0.10300	liquid
271.60	3.0000	81.356	0.012292	361.84	398.72	1.5738	0.87154	1.6701	211.83	15.040	1.5079e-05	0.018667	vapor
275.00	3.0000	78.476	0.012743	365.96	404.19	1.5938	0.84666	1.5556	216.19	14.487	1.5184e-05	0.018642	vapor
285.00	3.0000	71.794	0.013929	376.82	418.60	1.6453	0.80129	1.3518	227.03	13.047	1.5530e-05	0.018887	vapor
295.00	3.0000	66.747	0.014982	386.59	431.53	1.6899	0.77906	1.2439	236.00	11.835	1.5905e-05	0.019365	vapor
305.00	3.0000	62.681	0.015954	395.76	443.62	1.7302	0.76850	1.1794	243.84	10.803	1.6297e-05	0.019956	vapor
315.00	3.0000	59.277	0.016870	404.59	455.20	1.7676	0.76437	1.1383	250.92	9.9157	1.6698e-05	0.020611	vapor
325.00	3.0000	56.353	0.017745	413.20	466.43	1.8027	0.76401	1.1108	257.43	9.1449	1.7105e-05	0.021309	vapor
335.00	3.0000	53.793	0.018590	421.67	477.44	1.8361	0.76596	1.0920	263.51	8.4691	1.7514e-05	0.022038	vapor
345.00	3.0000	51.522	0.019409	430.06	488.29	1.8680	0.76940	1.0790	269.24	7.8716	1.7925e-05	0.022789	vapor
355.00	3.0000	49.484	0.020208	438.41	499.04	1.8987	0.77381	1.0702	274.68	7.3395	1.8336e-05	0.023557	vapor
365.00	3.0000	47.639	0.020991	446.73	509.71	1.9283	0.77888	1.0643	279.88	6.8625	1.8746e-05	0.024338	vapor
375.00	3.0000	45.957	0.021760	455.05	520.33	1.9570	0.78441	1.0606	284.87	6.4325	1.9155e-05	0.025131	vapor
385.00	3.0000	44.413	0.022516	463.37	530.92	1.9849	0.79024	1.0585	289.68	6.0429	1.9563e-05	0.025932	vapor
395.00	3.0000	42.988	0.023262	471.72	541.50	2.0121	0.79629	1.0578	294.33	5.6883	1.9968e-05	0.026740	vapor
405.00	3.0000	41.668	0.023999	480.09	552.08	2.0385	0.80248	1.0582	298.83	5.3644	2.0372e-05	0.027553	vapor
415.00	3.0000	40.440	0.024728	488.49	562.67	2.0643	0.80876	1.0593	303.20	5.0673	2.0772e-05	0.028370	vapor
425.00	3.0000	39.293	0.025450	496.92	573.27	2.0896	0.81509	1.0611	307.45	4.7941	2.1171e-05	0.029190	vapor
435.00	3.0000	38.219	0.026165	505.40	583.89	2.1143	0.82144	1.0634	311.60	4.5419	2.1566e-05	0.030012	vapor
445.00	3.0000	37.209	0.026875	513.91	594.54	2.1385	0.82779	1.0661	315.65	4.3086	2.1959e-05	0.030834	vapor
455.00	3.0000	36.259	0.027580	522.48	605.22	2.1622	0.83412	1.0692	319.61	4.0922	2.2349e-05	0.031656	vapor
465.00	3.0000	35.361	0.028280	531.09	615.92	2.1855	0.84041	1.0726	323.48	3.8910	2.2737e-05	0.032475	vapor
475.00	3.0000	34.512	0.028976	539.74	626.67	2.2083	0.84666	1.0762	327.28	3.7035	2.3121e-05	0.033297	vapor
485.00	3.0000	33.707	0.029668	548.45	637.45	2.2308	0.85285	1.0800	331.01	3.5284	2.3503e-05	0.034115	vapor
495.00	3.0000	32.942	0.030356	557.20	648.27	2.2529	0.85898	1.0839	334.66	3.3646	2.3882e-05	0.034931	vapor
505.00	3.0000	32.215	0.031042	566.00	659.13	2.2746	0.86503	1.0880	338.26	3.2111	2.4259e-05	0.035741	vapor
515.00	3.0000	31.522	0.031724	574.86	670.03	2.2960	0.87101	1.0921	341.79	3.0670	2.4633e-05	0.036547	vapor
525.00	3.0000	30.861	0.032404	583.76	680.97	2.3170	0.87691	1.0963	345.27	2.9315	2.5004e-05	0.037347	vapor
185.00	3.5000	1234.2	0.00081025	-0.74441	2.0915	-0.0036056	0.95905	1.7103	1148.2	-0.26835	0.00031165	0.20547	liquid
195.00	3.5000	1204.9	0.00082996	16.323	19.228	0.086604	0.94674	1.7181	1085.2	-0.25050	0.00026275	0.19330	liquid
205.00	3.5000	1174.6	0.00085134	33.496	36.476	0.17286	0.93658	1.7327	1022.4	-0.22729	0.00022495	0.18133	liquid
215.00	3.5000	1143.2	0.00087474	50.844	53.906	0.25587	0.92824	1.7547	959.78	-0.19747	0.00019498	0.16951	liquid
225.00	3.5000	1110.3	0.00090067	68.447	71.599	0.33631	0.92148	1.7856	896.81	-0.15919	0.00017061	0.15783	liquid
235.00	3.5000	1075.5	0.00092981	86.400	89.654	0.41481	0.91615	1.8276	833.07	-0.10958	0.00015028	0.14625	liquid
245.00	3.5000	1038.2	0.00096316	104.83	108.20	0.49209	0.91218	1.8850	767.92	-0.043993	0.00013288	0.13472	liquid
255.00	3.5000	997.68	0.0010023	123.92	127.43	0.56902	0.90967	1.9661	700.35	0.045628	0.00011755	0.12320	liquid
265.00	3.5000	952.36	0.0010500	143.98	147.66	0.64680	0.90903	2.0883	628.58	0.17496	0.00010356	0.11160	liquid
275.00	3.5000	899.46	0.0011118	165.59	169.48	0.72761	0.91152	2.2982	548.97	0.38031	9.0181e-05	0.099747	liquid
277.67	3.5000	883.30	0.0011321	171.78	175.74	0.75025	0.91313	2.3845	525.40	0.45862	8.6575e-05	0.096495	liquid
277.67	3.5000	97.429	0.010264	360.58	396.50	1.5453	0.89755	1.8742	208.72	14.268	1.5716e-05	0.020226	vapor
285.00	3.5000	89.644	0.011155	370.00	409.04	1.5899	0.84466	1.5827	218.69	13.185	1.5903e-05	0.019963	vapor
295.00	3.5000	81.998	0.012195	381.07	423.75	1.6406	0.80635	1.3826	229.52	11.928	1.6220e-05	0.020139	vapor
305.00	3.5000	76.217	0.013120	391.07	436.99	1.6848	0.78731	1.2742	238.54	10.864	1.6573e-05	0.020572	vapor
315.00	3.5000	71.565	0.013973	400.47	449.37	1.7247	0.77822	1.2082	246.46	9.9535	1.6946e-05	0.021130	vapor
325.00	3.5000	67.675	0.014777	409.51	461.23	1.7618	0.77472	1.1652	253.60	9.1654	1.7331e-05	0.021763	vapor
335.00	3.5000	64.337	0.015543	418.32	472.72	1.7966	0.77457	1.1359	260.18	8.4768	1.7723e-05	0.022443	vapor
345.00	3.5000	61.419	0.016282	426.99	483.97	1.8297	0.77651	1.1155	266.32	7.8700	1.8119e-05	0.023156	vapor
355.00	3.5000	58.832	0.016998	435.56	495.05	1.8614	0.77983	1.1011	272.10	7.3310	1.8518e-05	0.023894	vapor
365.00	3.5000	56.512	0.017695	444.08	506.01	1.8918	0.78406	1.0910	277.59	6.8490	1.8917e-05	0.024651	vapor
375.00	3.5000	54.414	0.018378	452.56	516.88	1.9212	0.78893	1.0839	282.83	6.4154	1.9317e-05	0.025423	vapor
385.00	3.5000	52.502	0.019047	461.03	527.70	1.9497	0.79423	1.0792	287.86	6.0232	1.9716e-05	0.026207	vapor
395.00	3.5000	50.748	0.019705	469.51	538.47	1.9773	0.79985	1.0763	292.70	5.6669	2.0114e-05	0.026999	vapor
405.00	3.5000	49.131	0.020354	477.99	549.23	2.0042	0.80568	1.0747	297.38	5.3417	2.0511e-05	0.027799	vapor
415.00	3.5000	47.632	0.020994	486.49	559.97	2.0304	0.81165	1.0743	301.90	5.0439	2.0905e-05	0.028604	vapor
425.00	3.5000	46.238	0.021627	495.02	570.72	2.0560	0.81772	1.0747	306.29	4.7702	2.1298e-05	0.029414	vapor
435.00	3.5000	44.937	0.022253	503.58	581.47	2.0810	0.82384	1.0759	310.57	4.5179	2.1689e-05	0.030226	vapor
445.00	3.5000	43.718	0.022874	512.18	592.24	2.1055	0.83000	1.0776	314.73	4.2847	2.2077e-05	0.031039	vapor
455.00	3.5000	42.573	0.023489	520.81	603.02	2.1294	0.83616	1.0799	318.79	4.0684	2.2463e-05	0.031853	vapor
465.00	3.5000	41.494	0.024100	529.49	613.83	2.1529	0.84230	1.0825	322.76	3.8675	2.2846e-05	0.032663	vapor
475.00	3.5000	40.476	0.024706	538.20	624.67	2.1760	0.84841	1.0854	326.65	3.6804	2.3227e-05	0.033478	vapor
485.00	3.5000	39.513	0.025308	546.96	635.54	2.1986	0.85448	1.0885	330.46	3.5058	2.3605e-05	0.034291	vapor
495.00	3.5000	38.599	0.025907	555.77	646.45	2.2209	0.86050	1.0919	334.19	3.3425	2.3981e-05	0.035101	vapor
505.00	3.5000	37.732	0.026503	564.62	657.38	2.2428	0.86646	1.0955	337.85	3.1895	2.4355e-05	0.035907	vapor
515.00	3.5000	36.907	0.027095	573.52	668.36	2.2643	0.87235	1.0992	341.45	3.0460	2.4725e-05	0.036708	vapor
525.00	3.5000	36.121	0.027685	582.47	679.37	2.2855	0.87818	1.1030	344.99	2.9111	2.5094e-05	0.037503	vapor
185.00	4.0000	1234.9	0.00080980	-0.91804	2.3212	-0.0045532	0.95931	1.7090	1150.5	-0.26912	0.00031255	0.20575	liquid
195.00	4.0000	1205.6	0.00082943	16.126	19.443	0.085582	0.94699	1.7165	1087.7	-0.25152	0.00026355	0.19361	liquid
205.00	4.0000	1175.5	0.00085070	33.270	36.673	0.17175	0.93682	1.7306	1025.2	-0.22866	0.00022569	0.18166	liquid
215.00	4.0000	1144.2	0.00087396	50.584	54.080	0.25465	0.92846	1.7521	962.80	-0.19933	0.00019567	0.16989	liquid
225.00	4.0000	1111.5	0.00089970	68.144	71.743	0.33494	0.92168	1.7820	900.17	-0.16175	0.00017128	0.15825	liquid
235.00	4.0000	1076.9	0.00092857	86.042	89.756	0.41327	0.91631	1.8227	836.86	-0.11319	0.00015094	0.14671	liquid
245.00	4.0000	1040.0	0.00096155	104.40	108.25	0.49031	0.91229	1.8781	772.27	-0.049262	0.00013355	0.13525	liquid
255.00	4.0000	999.86	0.0010001	123.39	127.39	0.56689	0.90968	1.9557	705.45	0.037550	0.00011825	0.12380	liquid
265.00	4.0000	955.23	0.0010469	143.30	147.48	0.64416	0.90884	2.0710	634.83	0.16156	0.00010434	0.11230	liquid
275.00	4.0000	903.55	0.0011067	164.63	169.06	0.72407	0.91085	2.2637	557.20	0.35481	9.1108e-05	0.10061	liquid
283.14	4.0000	852.24	0.0011734	183.87	188.57	0.79395	0.91695	2.5673	483.65	0.62385	8.0146e-05	0.090739	liquid
283.14	4.0000	114.86	0.0087059	358.68	393.50	1.5177	0.92320	2.1339	205.46	13.595	1.6368e-05	0.022008	vapor
285.00	4.0000	111.79	0.0089457	361.56	397.34	1.5313	0.90425	1.9952	208.61	13.318	1.6388e-05	0.021730	vapor
295.00	4.0000	99.579	0.010042	374.75	414.92	1.5919	0.84015	1.5842	222.28	12.007	1.6597e-05	0.021198	vapor
305.00	4.0000	91.253	0.010959	385.89	429.73	1.6413	0.80927	1.3983	232.87	10.913	1.6891e-05	0.021344	vapor
315.00	4.0000	84.907	0.011778	396.03	443.15	1.6846	0.79375	1.2942	241.79	9.9811	1.7224e-05	0.021750	vapor
325.00	4.0000	79.780	0.012535	405.60	455.74	1.7240	0.78640	1.2293	249.66	9.1775	1.7581e-05	0.022286	vapor
335.00	4.0000	75.484	0.013248	414.81	467.80	1.7605	0.78376	1.1862	256.80	8.4777	1.7950e-05	0.022900	vapor
345.00	4.0000	71.794	0.013929	423.79	479.51	1.7950	0.78400	1.1564	263.38	7.8626	1.8329e-05	0.023565	vapor
355.00	4.0000	68.566	0.014584	432.62	490.96	1.8277	0.78608	1.1352	269.52	7.3177	1.8713e-05	0.024266	vapor
365.00	4.0000	65.704	0.015220	441.35	502.23	1.8590	0.78940	1.1199	275.32	6.8315	1.9100e-05	0.024993	vapor
375.00	4.0000	63.137	0.015839	450.02	513.37	1.8891	0.79356	1.1090	280.82	6.3949	1.9489e-05	0.025740	vapor
385.00	4.0000	60.814	0.016444	458.65	524.42	1.9182	0.79830	1.1011	286.07	6.0007	1.9878e-05	0.026503	vapor
395.00	4.0000	58.697	0.017037	467.26	535.40	1.9464	0.80346	1.0957	291.11	5.6430	2.0268e-05	0.027277	vapor
405.00	4.0000	56.755	0.017620	475.86	546.34	1.9737	0.80891	1.0921	295.96	5.3170	2.0657e-05	0.028062	vapor
415.00	4.0000	54.963	0.018194	484.47	557.25	2.0003	0.81456	1.0899	300.64	5.0188	2.1045e-05	0.028853	vapor
425.00	4.0000	53.304	0.018760	493.10	568.14	2.0262	0.82036	1.0889	305.17	4.7449	2.1431e-05	0.029650	vapor
435.00	4.0000	51.759	0.019320	501.75	579.03	2.0516	0.82626	1.0888	309.57	4.4927	2.1816e-05	0.030451	vapor
445.00	4.0000	50.317	0.019874	510.43	589.92	2.0763	0.83221	1.0895	313.85	4.2596	2.2199e-05	0.031255	vapor
455.00	4.0000	48.966	0.020422	519.13	600.82	2.1005	0.83820	1.0907	318.01	4.0437	2.2580e-05	0.032059	vapor
465.00	4.0000	47.697	0.020966	527.88	611.74	2.1243	0.84418	1.0925	322.08	3.8433	2.2959e-05	0.032859	vapor
475.00	4.0000	46.502	0.021505	536.66	622.67	2.1475	0.85016	1.0947	326.05	3.6567	2.3336e-05	0.033668	vapor
485.00	4.0000	45.373	0.022040	545.47	633.63	2.1704	0.85611	1.0972	329.94	3.4826	2.3711e-05	0.034475	vapor
495.00	4.0000	44.304	0.022571	554.34	644.62	2.1928	0.86202	1.1000	333.74	3.3199	2.4083e-05	0.035279	vapor
505.00	4.0000	43.291	0.023099	563.24	655.64	2.2148	0.86789	1.1031	337.48	3.1676	2.4453e-05	0.036079	vapor
515.00	4.0000	42.329	0.023625	572.18	666.68	2.2365	0.87369	1.1063	341.14	3.0247	2.4821e-05	0.036875	vapor
525.00	4.0000	41.413	0.024147	581.17	677.76	2.2578	0.87944	1.1097	344.74	2.8904	2.5187e-05	0.037665	vapor
185.00	4.5000	1235.5	0.00080936	-1.0907	2.5514	-0.0054968	0.95958	1.7078	1152.8	-0.26988	0.00031344	0.20604	liquid
195.00	4.5000	1206.4	0.00082891	15.929	19.659	0.084565	0.94725	1.7149	1090.1	-0.25254	0.00026436	0.19392	liquid
205.00	4.5000	1176.4	0.00085007	33.046	36.871	0.17064	0.93706	1.7286	1027.9	-0.23001	0.00022643	0.18200	liquid
215.00	4.5000	1145.2	0.00087319	50.326	54.255	0.25343	0.92869	1.7494	965.79	-0.20116	0.00019637	0.17026	liquid
225.00	4.5000	1112.7	0.00089874	67.843	71.888	0.33359	0.92188	1.7786	903.50	-0.16426	0.00017194	0.15865	liquid
235.00	4.5000	1078.3	0.00092736	85.688	89.861	0.41174	0.91648	1.8180	840.61	-0.11671	0.00015160	0.14717	liquid
245.00	4.5000	1041.7	0.00095997	103.97	108.29	0.48855	0.91240	1.8715	776.55	-0.054376	0.00013421	0.13576	liquid
255.00	4.5000	1002.0	0.00099800	122.87	127.36	0.56481	0.90970	1.9457	710.47	0.029774	0.00011894	0.12439	liquid
265.00	4.5000	958.02	0.0010438	142.63	147.32	0.64159	0.90868	2.0547	640.92	0.14885	0.00010510	0.11299	liquid
275.00	4.5000	907.47	0.0011020	163.72	168.68	0.72066	0.91026	2.2325	565.11	0.33124	9.2006e-05	0.10145	liquid
285.00	4.5000	844.98	0.0011835	187.22	192.55	0.80589	0.91753	2.5942	476.32	0.65703	7.8729e-05	0.089491	liquid
288.11	4.5000	820.94	0.0012181	195.46	200.94	0.83518	0.92250	2.8103	443.33	0.82508	7.4269e-05	0.085591	liquid
288.11	4.5000	134.05	0.0074601	356.10	389.67	1.4902	0.94923	2.4815	202.07	12.977	1.7056e-05	0.024127	vapor
295.00	4.5000	120.72	0.0082835	367.21	404.49	1.5411	0.88384	1.9107	213.92	12.065	1.7075e-05	0.022789	vapor
305.00	4.5000	108.29	0.0092347	380.09	421.65	1.5983	0.83539	1.5689	226.70	10.944	1.7267e-05	0.022353	vapor
315.00	4.5000	99.552	0.010045	391.22	436.42	1.6460	0.81135	1.4028	236.89	9.9947	1.7542e-05	0.022502	vapor
325.00	4.5000	92.807	0.010775	401.44	449.93	1.6882	0.79921	1.3061	245.61	9.1788	1.7859e-05	0.022896	vapor
335.00	4.5000	87.319	0.011452	411.12	462.66	1.7268	0.79360	1.2443	253.36	8.4699	1.8200e-05	0.023419	vapor
345.00	4.5000	82.701	0.012092	420.46	474.88	1.7627	0.79188	1.2023	260.42	7.8483	1.8557e-05	0.024020	vapor
355.00	4.5000	78.724	0.012703	429.58	486.74	1.7966	0.79259	1.1727	266.95	7.2988	1.8922e-05	0.024673	vapor
365.00	4.5000	75.237	0.013291	438.55	498.36	1.8289	0.79490	1.1514	273.06	6.8094	1.9295e-05	0.025364	vapor
375.00	4.5000	72.141	0.013862	447.41	509.79	1.8598	0.79830	1.1358	278.83	6.3706	1.9671e-05	0.026081	vapor
385.00	4.5000	69.361	0.014417	456.21	521.09	1.8895	0.80244	1.1245	284.31	5.9750	2.0050e-05	0.026819	vapor
395.00	4.5000	66.843	0.014960	464.97	532.29	1.9183	0.80711	1.1162	289.55	5.6164	2.0430e-05	0.027574	vapor
405.00	4.5000	64.546	0.015493	473.70	543.42	1.9461	0.81217	1.1103	294.57	5.2900	2.0810e-05	0.028340	vapor
415.00	4.5000	62.438	0.016016	482.43	554.50	1.9731	0.81750	1.1062	299.41	4.9917	2.1191e-05	0.029116	vapor
425.00	4.5000	60.492	0.016531	491.16	565.55	1.9994	0.82302	1.1036	304.08	4.7180	2.1571e-05	0.029900	vapor
435.00	4.5000	58.688	0.017039	499.90	576.58	2.0251	0.82868	1.1021	308.61	4.4660	2.1949e-05	0.030688	vapor
445.00	4.5000	57.009	0.017541	508.66	587.60	2.0501	0.83443	1.1016	313.00	4.2334	2.2327e-05	0.031481	vapor
455.00	4.5000	55.440	0.018037	517.44	598.61	2.0746	0.84024	1.1019	317.27	4.0181	2.2703e-05	0.032274	vapor
465.00	4.5000	53.970	0.018529	526.26	609.64	2.0986	0.84607	1.1028	321.43	3.8182	2.3077e-05	0.033064	vapor
475.00	4.5000	52.588	0.019016	535.10	620.67	2.1220	0.85191	1.1042	325.48	3.6323	2.3450e-05	0.033865	vapor
485.00	4.5000	51.286	0.019498	543.98	631.72	2.1451	0.85774	1.1061	329.45	3.4589	2.3820e-05	0.034665	vapor
495.00	4.5000	50.056	0.019978	552.89	642.79	2.1677	0.86354	1.1083	333.33	3.2969	2.4189e-05	0.035463	vapor
505.00	4.5000	48.892	0.020453	561.85	653.89	2.1899	0.86931	1.1108	337.13	3.1452	2.4555e-05	0.036258	vapor
515.00	4.5000	47.787	0.020926	570.84	665.01	2.2117	0.87503	1.1135	340.85	3.0030	2.4920e-05	0.037048	vapor
525.00	4.5000	46.738	0.021396	579.88	676.16	2.2331	0.88070	1.1164	344.51	2.8694	2.5282e-05	0.037834	vapor
185.00	5.0000	1236.2	0.00080893	-1.2626	2.7821	-0.0064368	0.95984	1.7066	1155.1	-0.27063	0.00031434	0.20632	liquid
195.00	5.0000	1207.2	0.00082839	15.734	19.876	0.083552	0.94750	1.7134	1092.6	-0.25353	0.00026516	0.19422	liquid
205.00	5.0000	1177.2	0.00084944	32.823	37.071	0.16954	0.93730	1.7266	1030.6	-0.23135	0.00022717	0.18234	liquid
215.00	5.0000	1146.2	0.00087242	50.070	54.432	0.25222	0.92891	1.7469	968.77	-0.20296	0.00019706	0.17062	liquid
225.00	5.0000	1113.9	0.00089779	67.546	72.035	0.33225	0.92209	1.7752	906.81	-0.16672	0.00017261	0.15906	liquid
235.00	5.0000	1079.7	0.00092616	85.337	89.968	0.41022	0.91665	1.8134	844.32	-0.12015	0.00015225	0.14762	liquid
245.00	5.0000	1043.4	0.00095842	103.56	108.35	0.48681	0.91252	1.8650	780.78	-0.059343	0.00013487	0.13627	liquid
255.00	5.0000	1004.1	0.00099592	122.35	127.33	0.56275	0.90974	1.9362	715.40	0.022281	0.00011963	0.12497	liquid
265.00	5.0000	960.74	0.0010409	141.97	147.18	0.63907	0.90855	2.0394	646.86	0.13675	0.00010585	0.11367	liquid
275.00	5.0000	911.23	0.0010974	162.83	168.32	0.71737	0.90976	2.2039	572.72	0.30935	9.2880e-05	0.10226	liquid
285.00	5.0000	850.99	0.0011751	185.86	191.74	0.80099	0.91588	2.5218	487.38	0.60733	7.9888e-05	0.090536	liquid
292.69	5.0000	788.60	0.0012681	206.78	213.12	0.87496	0.93036	3.1544	403.56	1.0779	6.8739e-05	0.080977	liquid
292.69	5.0000	155.56	0.0064285	352.74	384.89	1.4618	0.97643	2.9778	198.56	12.373	1.7809e-05	0.026773	vapor
295.00	5.0000	148.26	0.0067451	357.52	391.25	1.4835	0.94494	2.5652	203.65	12.078	1.7737e-05	0.025621	vapor
305.00	5.0000	128.16	0.0078029	373.40	412.42	1.5541	0.86732	1.8212	219.88	10.946	1.7728e-05	0.023750	vapor
315.00	5.0000	115.86	0.0086312	385.92	429.07	1.6079	0.83153	1.5445	231.71	9.9884	1.7911e-05	0.023441	vapor
325.00	5.0000	106.94	0.0093510	396.97	443.73	1.6537	0.81333	1.3997	241.43	9.1656	1.8173e-05	0.023615	vapor
335.00	5.0000	99.946	0.010005	407.23	457.25	1.6947	0.80418	1.3119	249.88	8.4512	1.8477e-05	0.024010	vapor
345.00	5.0000	94.204	0.010615	416.99	470.07	1.7324	0.80020	1.2542	257.45	7.8256	1.8805e-05	0.024527	vapor
355.00	5.0000	89.343	0.011193	426.43	482.40	1.7676	0.79937	1.2143	264.39	7.2732	1.9149e-05	0.025121	vapor
365.00	5.0000	85.139	0.011745	435.66	494.39	1.8009	0.80058	1.1857	270.83	6.7818	1.9504e-05	0.025766	vapor
375.00	5.0000	81.444	0.012278	444.74	506.14	1.8327	0.80314	1.1647	276.88	6.3419	1.9865e-05	0.026449	vapor
385.00	5.0000	78.154	0.012795	453.73	517.70	1.8631	0.80665	1.1493	282.59	5.9456	2.0231e-05	0.027158	vapor
395.00	5.0000	75.194	0.013299	462.64	529.13	1.8924	0.81082	1.1378	288.03	5.5869	2.0601e-05	0.027888	vapor
405.00	5.0000	72.510	0.013791	471.51	540.47	1.9208	0.81547	1.1293	293.23	5.2606	2.0972e-05	0.028635	vapor
415.00	5.0000	70.059	0.014274	480.36	551.73	1.9482	0.82046	1.1231	298.23	4.9625	2.1344e-05	0.029393	vapor
425.00	5.0000	67.806	0.014748	489.20	562.94	1.9749	0.82570	1.1188	303.04	4.6893	2.1716e-05	0.030161	vapor
435.00	5.0000	65.725	0.015215	498.03	574.11	2.0009	0.83112	1.1159	307.68	4.4379	2.2088e-05	0.030937	vapor
445.00	5.0000	63.794	0.015676	506.88	585.26	2.0262	0.83666	1.1142	312.19	4.2060	2.2460e-05	0.031717	vapor
455.00	5.0000	61.995	0.016130	515.74	596.40	2.0510	0.84228	1.1134	316.56	3.9914	2.2830e-05	0.032499	vapor
465.00	5.0000	60.313	0.016580	524.63	607.53	2.0752	0.84796	1.1133	320.81	3.7923	2.3199e-05	0.033277	vapor
475.00	5.0000	58.736	0.017025	533.54	618.66	2.0989	0.85366	1.1139	324.95	3.6071	2.3567e-05	0.034070	vapor
485.00	5.0000	57.253	0.017466	542.48	629.81	2.1221	0.85937	1.1151	328.99	3.4345	2.3933e-05	0.034863	vapor
495.00	5.0000	55.855	0.017904	551.45	640.97	2.1449	0.86506	1.1166	332.94	3.2733	2.4298e-05	0.035654	vapor
505.00	5.0000	54.533	0.018337	560.45	652.14	2.1672	0.87073	1.1185	336.81	3.1224	2.4661e-05	0.036443	vapor
515.00	5.0000	53.282	0.018768	569.50	663.34	2.1892	0.87636	1.1208	340.59	2.9809	2.5022e-05	0.037227	vapor
525.00	5.0000	52.094	0.019196	578.58	674.56	2.2108	0.88195	1.1233	344.30	2.8481	2.5381e-05	0.038008	vapor
185.00	5.5000	1236.9	0.00080849	-1.4335	3.0132	-0.0073729	0.96010	1.7053	1157.3	-0.27138	0.00031523	0.20660	liquid
195.00	5.5000	1207.9	0.00082787	15.541	20.094	0.082544	0.94775	1.7118	1095.1	-0.25452	0.00026597	0.19453	liquid
205.00	5.5000	1178.1	0.00084881	32.602	37.271	0.16844	0.93755	1.7247	1033.3	-0.23266	0.00022790	0.18267	liquid
215.00	5.5000	1147.2	0.00087166	49.816	54.610	0.25102	0.92914	1.7443	971.72	-0.20472	0.00019775	0.17099	liquid
225.00	5.5000	1115.0	0.00089685	67.251	72.184	0.33091	0.92230	1.7718	910.08	-0.16913	0.00017327	0.15946	liquid
235.00	5.5000	1081.1	0.00092498	84.991	90.079	0.40872	0.91683	1.8090	847.99	-0.12352	0.00015289	0.14807	liquid
245.00	5.5000	1045.0	0.00095689	103.14	108.40	0.48509	0.91265	1.8588	784.96	-0.064170	0.00013552	0.13677	liquid
255.00	5.5000	1006.2	0.00099388	121.85	127.32	0.56073	0.90979	1.9271	720.24	0.015054	0.00012031	0.12554	liquid
265.00	5.5000	963.39	0.0010380	141.33	147.04	0.63661	0.90845	2.0250	652.67	0.12522	0.00010658	0.11433	liquid
275.00	5.5000	914.86	0.0010931	161.98	167.99	0.71419	0.90932	2.1778	580.07	0.28896	9.3729e-05	0.10306	liquid
285.00	5.5000	856.60	0.0011674	184.59	191.01	0.79638	0.91448	2.4601	497.74	0.56331	8.0987e-05	0.091538	liquid
295.00	5.5000	776.00	0.0012887	211.64	218.73	0.89189	0.93307	3.2703	391.07	1.1723	6.6723e-05	0.079352	liquid
296.92	5.5000	754.09	0.0013261	218.10	225.39	0.91439	0.94158	3.6877	363.49	1.4083	6.3369e-05	0.076899	liquid
296.92	5.5000	180.35	0.0055447	348.40	378.90	1.4314	1.0058	3.7532	194.93	11.746	1.8668e-05	0.030282	vapor
305.00	5.5000	152.45	0.0065593	365.36	401.43	1.5063	0.90809	2.2412	212.10	10.896	1.8325e-05	0.025878	vapor
315.00	5.5000	134.37	0.0074421	379.99	420.92	1.5693	0.85507	1.7381	226.19	9.9524	1.8351e-05	0.024657	vapor
325.00	5.5000	122.43	0.0081682	392.14	437.07	1.6197	0.82903	1.5162	237.12	9.1329	1.8532e-05	0.024478	vapor
335.00	5.5000	113.49	0.0088110	403.10	451.56	1.6637	0.81559	1.3918	246.35	8.4188	1.8785e-05	0.024690	vapor
345.00	5.5000	106.38	0.0094007	413.35	465.06	1.7034	0.80898	1.3134	254.49	7.7926	1.9077e-05	0.025095	vapor
355.00	5.5000	100.47	0.0099532	423.17	477.91	1.7401	0.80643	1.2605	261.85	7.2397	1.9394e-05	0.025613	vapor
365.00	5.5000	95.438	0.010478	432.69	490.32	1.7746	0.80642	1.2230	268.64	6.7481	1.9728e-05	0.026203	vapor
375.00	5.5000	91.064	0.010981	442.01	502.40	1.8072	0.80810	1.1958	274.96	6.3082	2.0072e-05	0.026843	vapor
385.00	5.5000	87.206	0.011467	451.19	514.26	1.8384	0.81094	1.1757	280.92	5.9123	2.0424e-05	0.027519	vapor
395.00	5.5000	83.760	0.011939	460.27	525.93	1.8684	0.81458	1.1606	286.56	5.5540	2.0781e-05	0.028222	vapor
405.00	5.5000	80.654	0.012399	469.29	537.48	1.8973	0.81880	1.1493	291.94	5.2284	2.1142e-05	0.028945	vapor
415.00	5.5000	77.831	0.012848	478.26	548.93	1.9252	0.82344	1.1408	297.08	4.9311	2.1504e-05	0.029685	vapor
425.00	5.5000	75.248	0.013289	487.21	560.30	1.9523	0.82839	1.1346	302.03	4.6588	2.1869e-05	0.030436	vapor
435.00	5.5000	72.871	0.013723	496.15	571.63	1.9786	0.83356	1.1301	306.80	4.4083	2.2233e-05	0.031196	vapor
445.00	5.5000	70.673	0.014150	505.09	582.91	2.0042	0.83889	1.1270	311.41	4.1773	2.2598e-05	0.031962	vapor
455.00	5.5000	68.631	0.014571	514.03	594.17	2.0293	0.84433	1.1251	315.89	3.9636	2.2962e-05	0.032733	vapor
465.00	5.5000	66.727	0.014986	522.99	605.41	2.0537	0.84985	1.1241	320.23	3.7654	2.3326e-05	0.033497	vapor
475.00	5.5000	64.946	0.015397	531.97	616.65	2.0776	0.85541	1.1238	324.45	3.5812	2.3689e-05	0.034283	vapor
485.00	5.5000	63.274	0.015804	540.97	627.89	2.1010	0.86099	1.1242	328.57	3.4095	2.4050e-05	0.035068	vapor
495.00	5.5000	61.700	0.016207	550.00	639.14	2.1240	0.86658	1.1251	332.59	3.2491	2.4411e-05	0.035852	vapor
505.00	5.5000	60.216	0.016607	559.06	650.40	2.1465	0.87215	1.1264	336.52	3.0991	2.4770e-05	0.036634	vapor
515.00	5.5000	58.812	0.017003	568.15	661.67	2.1686	0.87769	1.1281	340.36	2.9585	2.5127e-05	0.037412	vapor
525.00	5.5000	57.481	0.017397	577.28	672.96	2.1903	0.88320	1.1302	344.13	2.8264	2.5483e-05	0.038187	vapor
185.00	6.0000	1237.5	0.00080806	-1.6035	3.2449	-0.0083054	0.96037	1.7042	1159.6	-0.27211	0.00031612	0.20687	liquid
195.00	6.0000	1208.7	0.00082736	15.348	20.312	0.081541	0.94801	1.7103	1097.5	-0.25549	0.00026677	0.19483	liquid
205.00	6.0000	1179.0	0.00084820	32.383	37.472	0.16736	0.93779	1.7227	1035.9	-0.23395	0.00022864	0.18300	liquid
215.00	6.0000	1148.2	0.00087091	49.564	54.789	0.24983	0.92937	1.7419	974.65	-0.20646	0.00019844	0.17135	liquid
225.00	6.0000	1116.2	0.00089592	66.959	72.334	0.32959	0.92251	1.7686	913.33	-0.17150	0.00017392	0.15987	liquid
235.00	6.0000	1082.5	0.00092381	84.649	90.192	0.40724	0.91701	1.8046	851.63	-0.12680	0.00015354	0.14851	liquid
245.00	6.0000	1046.7	0.00095539	102.73	108.47	0.48339	0.91279	1.8528	789.08	-0.068863	0.00013617	0.13727	liquid
255.00	6.0000	1008.2	0.00099188	121.35	127.30	0.55874	0.90985	1.9183	725.01	0.0080785	0.00012098	0.12611	liquid
265.00	6.0000	965.97	0.0010352	140.71	146.92	0.63419	0.90837	2.0113	658.35	0.11422	0.00010731	0.11499	liquid
275.00	6.0000	918.35	0.0010889	161.16	167.69	0.71111	0.90894	2.1537	587.17	0.26988	9.4558e-05	0.10383	liquid
285.00	6.0000	861.87	0.0011603	183.39	190.35	0.79202	0.91329	2.4067	507.52	0.52391	8.2035e-05	0.092502	liquid
295.00	6.0000	786.60	0.0012713	209.36	216.98	0.88380	0.92822	3.0460	408.27	1.0464	6.8425e-05	0.080663	liquid
300.86	6.0000	715.50	0.0013976	229.82	238.21	0.95499	0.95817	4.6443	322.05	1.8656	5.7937e-05	0.073568	liquid
300.86	6.0000	210.22	0.0047568	342.65	371.19	1.3970	1.0389	5.1490	191.16	11.041	1.9711e-05	0.035371	vapor
305.00	6.0000	184.97	0.0054062	354.84	387.27	1.4501	0.96449	3.1233	202.73	10.736	1.9189e-05	0.029737	vapor
315.00	6.0000	155.97	0.0064116	373.18	411.65	1.5289	0.88313	2.0203	220.24	9.8704	1.8893e-05	0.026316	vapor
325.00	6.0000	139.60	0.0071632	386.86	429.84	1.5857	0.84664	1.6654	232.67	9.0735	1.8949e-05	0.025538	vapor
335.00	6.0000	128.13	0.0078047	398.69	445.52	1.6333	0.82795	1.4874	242.78	8.3687	1.9131e-05	0.025480	vapor
345.00	6.0000	119.30	0.0083819	409.53	459.82	1.6753	0.81828	1.3814	251.53	7.7471	1.9377e-05	0.025733	vapor
355.00	6.0000	112.16	0.0089161	419.77	473.27	1.7138	0.81378	1.3120	259.35	7.1969	1.9661e-05	0.026154	vapor
365.00	6.0000	106.17	0.0094192	429.62	486.13	1.7495	0.81245	1.2639	266.49	6.7072	1.9969e-05	0.026676	vapor
375.00	6.0000	101.02	0.0098987	439.20	498.59	1.7832	0.81317	1.2293	273.10	6.2689	2.0293e-05	0.027266	vapor
385.00	6.0000	96.529	0.010360	448.59	510.75	1.8152	0.81529	1.2038	279.29	5.8745	2.0629e-05	0.027903	vapor
395.00	6.0000	92.548	0.010805	457.86	522.69	1.8458	0.81837	1.1846	285.14	5.5176	2.0972e-05	0.028575	vapor
405.00	6.0000	88.981	0.011238	467.03	534.46	1.8752	0.82215	1.1701	290.69	5.1933	2.1320e-05	0.029272	vapor
415.00	6.0000	85.757	0.011661	476.14	546.10	1.9036	0.82643	1.1592	295.99	4.8974	2.1673e-05	0.029990	vapor
425.00	6.0000	82.820	0.012074	485.20	557.65	1.9311	0.83108	1.1509	301.07	4.6263	2.2028e-05	0.030722	vapor
435.00	6.0000	80.128	0.012480	494.25	569.13	1.9578	0.83600	1.1447	305.96	4.3770	2.2384e-05	0.031466	vapor
445.00	6.0000	77.647	0.012879	503.28	580.55	1.9838	0.84112	1.1402	310.69	4.1472	2.2742e-05	0.032218	vapor
455.00	6.0000	75.349	0.013272	512.31	591.94	2.0091	0.84638	1.1371	315.25	3.9347	2.3100e-05	0.032975	vapor
465.00	6.0000	73.212	0.013659	521.34	603.30	2.0338	0.85173	1.1350	319.68	3.7376	2.3457e-05	0.033725	vapor
475.00	6.0000	71.216	0.014042	530.39	614.64	2.0579	0.85716	1.1339	323.99	3.5544	2.3815e-05	0.034502	vapor
485.00	6.0000	69.348	0.014420	539.45	625.98	2.0815	0.86261	1.1335	328.18	3.3838	2.4171e-05	0.035279	vapor
495.00	6.0000	67.592	0.014795	548.54	637.31	2.1047	0.86809	1.1337	332.27	3.2244	2.4527e-05	0.036056	vapor
505.00	6.0000	65.938	0.015166	557.66	648.65	2.1273	0.87356	1.1344	336.26	3.0754	2.4882e-05	0.036831	vapor
515.00	6.0000	64.377	0.015534	566.80	660.00	2.1496	0.87902	1.1356	340.16	2.9357	2.5235e-05	0.037603	vapor
525.00	6.0000	62.899	0.015898	575.97	671.36	2.1714	0.88445	1.1371	343.98	2.8045	2.5587e-05	0.038371	vapor
195.00	6.5000	1209.4	0.00082684	15.156	20.531	0.080542	0.94827	1.7088	1099.9	-0.25645	0.00026757	0.19513	liquid
205.00	6.5000	1179.8	0.00084758	32.165	37.674	0.16627	0.93804	1.7208	1038.6	-0.23523	0.00022937	0.18333	liquid
215.00	6.5000	1149.2	0.00087016	49.313	54.969	0.24864	0.92961	1.7394	977.56	-0.20817	0.00019912	0.17171	liquid
225.00	6.5000	1117.3	0.00089500	66.669	72.487	0.32828	0.92272	1.7654	916.55	-0.17382	0.00017458	0.16026	liquid
235.00	6.5000	1083.8	0.00092266	84.310	90.307	0.40577	0.91720	1.8003	855.22	-0.13002	0.00015418	0.14896	liquid
245.00	6.5000	1048.3	0.00095392	102.33	108.53	0.48171	0.91293	1.8469	793.15	-0.073429	0.00013681	0.13777	liquid
255.00	6.5000	1010.2	0.00098993	120.87	127.30	0.55678	0.90992	1.9099	729.70	0.0013396	0.00012164	0.12667	liquid
265.00	6.5000	968.50	0.0010325	140.10	146.81	0.63183	0.90831	1.9983	663.90	0.10371	0.00010802	0.11563	liquid
275.00	6.5000	921.73	0.0010849	160.36	167.41	0.70811	0.90861	2.1314	594.06	0.25198	9.5367e-05	0.10459	liquid
285.00	6.5000	866.84	0.0011536	182.25	189.75	0.78787	0.91228	2.3598	516.78	0.48834	8.3039e-05	0.093432	liquid
295.00	6.5000	795.84	0.0012565	207.34	215.51	0.87667	0.92450	2.8829	423.43	0.94577	6.9948e-05	0.081899	liquid
304.53	6.5000	668.53	0.0014958	242.76	252.48	0.99976	0.98492	6.9145	277.54	2.5590	5.2042e-05	0.072098	liquid
304.53	6.5000	249.35	0.0040104	334.49	360.56	1.3547	1.0785	8.4387	187.20	10.156	2.1122e-05	0.044062	vapor
305.00	6.5000	241.75	0.0041365	337.26	364.15	1.3664	1.0620	7.0220	189.35	10.197	2.0896e-05	0.041251	vapor
315.00	6.5000	182.25	0.0054870	365.08	400.74	1.4848	0.91768	2.4744	213.76	9.7111	1.9597e-05	0.028760	vapor
325.00	6.5000	158.96	0.0062910	381.01	421.90	1.5510	0.86660	1.8631	228.08	8.9765	1.9443e-05	0.026875	vapor
335.00	6.5000	144.05	0.0069419	393.97	439.09	1.6031	0.84138	1.6036	239.21	8.2959	1.9525e-05	0.026409	vapor
345.00	6.5000	133.10	0.0075134	405.51	454.34	1.6480	0.82814	1.4600	248.60	7.6864	1.9710e-05	0.026455	vapor
355.00	6.5000	124.46	0.0080347	416.24	468.46	1.6883	0.82144	1.3698	256.89	7.1433	1.9952e-05	0.026751	vapor
365.00	6.5000	117.36	0.0085210	426.45	481.84	1.7255	0.81865	1.3088	264.39	6.6583	2.0230e-05	0.027190	vapor
375.00	6.5000	111.34	0.0089814	436.32	494.70	1.7602	0.81835	1.2655	271.29	6.2235	2.0530e-05	0.027720	vapor
385.00	6.5000	106.14	0.0094216	445.94	507.18	1.7931	0.81971	1.2337	277.72	5.8318	2.0846e-05	0.028312	vapor
395.00	6.5000	101.57	0.0098457	455.40	519.40	1.8244	0.82221	1.2100	283.77	5.4773	2.1173e-05	0.028948	vapor
405.00	6.5000	97.499	0.010257	464.74	531.40	1.8544	0.82553	1.1920	289.50	5.1551	2.1508e-05	0.029616	vapor
415.00	6.5000	93.841	0.010656	473.99	543.25	1.8833	0.82944	1.1783	294.95	4.8610	2.1849e-05	0.030309	vapor
425.00	6.5000	90.526	0.011047	483.18	554.98	1.9112	0.83379	1.1678	300.16	4.5916	2.2194e-05	0.031021	vapor
435.00	6.5000	87.498	0.011429	492.33	566.62	1.9383	0.83845	1.1598	305.17	4.3440	2.2542e-05	0.031747	vapor
445.00	6.5000	84.717	0.011804	501.46	578.18	1.9646	0.84335	1.1538	310.00	4.1157	2.2892e-05	0.032483	vapor
455.00	6.5000	82.149	0.012173	510.57	589.70	1.9902	0.84842	1.1493	314.66	3.9046	2.3242e-05	0.033225	vapor
465.00	6.5000	79.767	0.012537	519.68	601.17	2.0151	0.85362	1.1462	319.18	3.7088	2.3594e-05	0.033960	vapor
475.00	6.5000	77.548	0.012895	528.80	612.62	2.0395	0.85890	1.1441	323.56	3.5269	2.3945e-05	0.034728	vapor
485.00	6.5000	75.474	0.013250	537.93	624.06	2.0633	0.86423	1.1429	327.83	3.3574	2.4297e-05	0.035497	vapor
495.00	6.5000	73.529	0.013600	547.08	635.48	2.0866	0.86960	1.1424	331.98	3.1991	2.4647e-05	0.036265	vapor
505.00	6.5000	71.701	0.013947	556.25	646.91	2.1095	0.87497	1.1425	336.03	3.0511	2.4997e-05	0.037033	vapor
515.00	6.5000	69.977	0.014291	565.45	658.33	2.1319	0.88034	1.1431	339.99	2.9124	2.5347e-05	0.037798	vapor
525.00	6.5000	68.347	0.014631	574.67	669.77	2.1539	0.88569	1.1441	343.86	2.7822	2.5695e-05	0.038561	vapor
195.00	7.0000	1210.2	0.00082634	14.966	20.750	0.079548	0.94852	1.7073	1102.3	-0.25740	0.00026837	0.19544	liquid
205.00	7.0000	1180.7	0.00084697	31.948	37.877	0.16520	0.93829	1.7190	1041.2	-0.23649	0.00023010	0.18366	liquid
215.00	7.0000	1150.2	0.00086943	49.065	55.151	0.24747	0.92984	1.7370	980.45	-0.20985	0.00019981	0.17207	liquid
225.00	7.0000	1118.4	0.00089410	66.383	72.641	0.32698	0.92294	1.7623	919.74	-0.17610	0.00017523	0.16066	liquid
235.00	7.0000	1085.2	0.00092153	83.975	90.426	0.40431	0.91739	1.7962	858.78	-0.13316	0.00015482	0.14940	liquid
245.00	7.0000	1049.9	0.00095247	101.93	108.60	0.48005	0.91308	1.8412	797.17	-0.077872	0.00013745	0.13826	liquid
255.00	7.0000	1012.1	0.00098802	120.39	127.30	0.55485	0.91000	1.9018	734.32	-0.0051757	0.00012230	0.12722	liquid
265.00	7.0000	970.96	0.0010299	139.51	146.72	0.62952	0.90827	1.9859	669.34	0.093644	0.00010872	0.11626	liquid
275.00	7.0000	925.00	0.0010811	159.59	167.15	0.70521	0.90834	2.1107	600.74	0.23514	9.6159e-05	0.10533	liquid
285.00	7.0000	871.56	0.0011474	181.16	189.20	0.78392	0.91141	2.3181	525.60	0.45597	8.4004e-05	0.094330	liquid
295.00	7.0000	804.09	0.0012436	205.53	214.24	0.87023	0.92154	2.7574	437.08	0.86255	7.1338e-05	0.083067	liquid
305.00	7.0000	692.41	0.0014442	238.47	248.58	0.98455	0.96423	4.9156	307.58	2.0739	5.4973e-05	0.071652	liquid
307.95	7.0000	596.38	0.0016768	260.03	271.76	1.0601	1.0401	19.467	225.31	3.8537	4.4264e-05	0.080758	liquid
307.95	7.0000	314.26	0.0031821	320.03	342.30	1.2892	1.1324	25.779	182.84	8.7508	2.3658e-05	0.062187	vapor
315.00	7.0000	216.65	0.0046157	354.78	387.09	1.4334	0.96243	3.3398	206.55	9.4044	2.0599e-05	0.032821	vapor
325.00	7.0000	181.23	0.0055178	374.41	413.03	1.5146	0.88950	2.1368	223.38	8.8254	2.0045e-05	0.028625	vapor
335.00	7.0000	161.54	0.0061905	388.86	432.19	1.5727	0.85604	1.7472	235.64	8.1938	1.9978e-05	0.027519	vapor
345.00	7.0000	147.88	0.0067625	401.25	448.59	1.6209	0.83860	1.5516	245.74	7.6071	2.0082e-05	0.027277	vapor
355.00	7.0000	137.45	0.0072755	412.55	463.48	1.6635	0.82943	1.4348	254.51	7.0769	2.0271e-05	0.027412	vapor
365.00	7.0000	129.05	0.0077490	423.17	477.42	1.7022	0.82504	1.3580	262.37	6.6001	2.0511e-05	0.027748	vapor
375.00	7.0000	122.04	0.0081940	433.36	490.71	1.7382	0.82363	1.3044	269.56	6.1711	2.0783e-05	0.028206	vapor
385.00	7.0000	116.05	0.0086171	443.24	503.56	1.7720	0.82419	1.2656	276.22	5.7837	2.1077e-05	0.028745	vapor
395.00	7.0000	110.83	0.0090231	452.90	516.06	1.8040	0.82609	1.2368	282.47	5.4328	2.1386e-05	0.029341	vapor
405.00	7.0000	106.21	0.0094151	462.41	528.31	1.8347	0.82894	1.2149	288.36	5.1135	2.1706e-05	0.029976	vapor
415.00	7.0000	102.09	0.0097955	471.81	540.38	1.8641	0.83247	1.1981	293.96	4.8220	2.2034e-05	0.030642	vapor
425.00	7.0000	98.366	0.010166	481.13	552.29	1.8925	0.83650	1.1852	299.31	4.5548	2.2368e-05	0.031332	vapor
435.00	7.0000	94.981	0.010528	490.39	564.09	1.9199	0.84090	1.1753	304.43	4.3092	2.2706e-05	0.032038	vapor
445.00	7.0000	91.883	0.010883	499.62	575.80	1.9465	0.84558	1.1676	309.36	4.0827	2.3047e-05	0.032757	vapor
455.00	7.0000	89.031	0.011232	508.82	587.45	1.9724	0.85046	1.1619	314.12	3.8732	2.3390e-05	0.033484	vapor
465.00	7.0000	86.392	0.011575	518.02	599.04	1.9976	0.85550	1.1576	318.72	3.6789	2.3735e-05	0.034203	vapor
475.00	7.0000	83.940	0.011913	527.21	610.60	2.0222	0.86063	1.1545	323.18	3.4984	2.4080e-05	0.034960	vapor
485.00	7.0000	81.653	0.012247	536.41	622.14	2.0462	0.86584	1.1525	327.51	3.3302	2.4426e-05	0.035720	vapor
495.00	7.0000	79.512	0.012577	545.62	633.66	2.0697	0.87110	1.1512	331.73	3.1732	2.4771e-05	0.036480	vapor
505.00	7.0000	77.502	0.012903	554.85	645.17	2.0928	0.87637	1.1507	335.84	3.0264	2.5117e-05	0.037240	vapor
515.00	7.0000	75.610	0.013226	564.09	656.67	2.1153	0.88165	1.1507	339.85	2.8887	2.5462e-05	0.037999	vapor
525.00	7.0000	73.824	0.013546	573.36	668.18	2.1375	0.88692	1.1512	343.77	2.7595	2.5806e-05	0.038754	vapor
195.00	7.5000	1210.9	0.00082583	14.777	20.970	0.078558	0.94878	1.7059	1104.7	-0.25834	0.00026916	0.19574	liquid
205.00	7.5000	1181.5	0.00084637	31.733	38.080	0.16412	0.93853	1.7171	1043.8	-0.23772	0.00023083	0.18399	liquid
215.00	7.5000	1151.2	0.00086870	48.819	55.334	0.24630	0.93008	1.7347	983.31	-0.21150	0.00020049	0.17243	liquid
225.00	7.5000	1119.6	0.00089320	66.098	72.797	0.32568	0.92316	1.7592	922.90	-0.17833	0.00017588	0.16105	liquid
235.00	7.5000	1086.5	0.00092041	83.643	90.546	0.40286	0.91758	1.7922	862.31	-0.13623	0.00015545	0.14983	liquid
245.00	7.5000	1051.5	0.00095104	101.54	108.68	0.47841	0.91324	1.8357	801.14	-0.082199	0.00013808	0.13874	liquid
255.00	7.5000	1014.0	0.00098615	119.91	127.31	0.55294	0.91009	1.8940	738.87	-0.011480	0.00012295	0.12777	liquid
265.00	7.5000	973.38	0.0010274	138.92	146.63	0.62724	0.90826	1.9742	674.68	0.084001	0.00010942	0.11689	liquid
275.00	7.5000	928.18	0.0010774	158.83	166.91	0.70238	0.90810	2.0913	607.23	0.21925	9.6933e-05	0.10605	liquid
285.00	7.5000	876.06	0.0011415	180.13	188.69	0.78013	0.91066	2.2809	534.03	0.42635	8.4935e-05	0.095202	liquid
295.00	7.5000	811.57	0.0012322	203.88	213.12	0.86435	0.91914	2.6568	449.57	0.79197	7.2625e-05	0.084177	liquid
305.00	7.5000	714.55	0.0013995	233.96	244.46	0.96869	0.94938	3.9829	335.95	1.7092	5.7857e-05	0.072794	liquid
315.00	7.5000	269.21	0.0037145	339.81	367.67	1.3652	1.0255	5.6793	198.36	8.7410	2.2326e-05	0.041292	supercritical
325.00	7.5000	207.60	0.0048171	366.78	402.91	1.4755	0.91611	2.5379	218.62	8.5929	2.0808e-05	0.031015	supercritical
335.00	7.5000	180.95	0.0055265	383.29	424.74	1.5417	0.87209	1.9281	232.14	8.0534	2.0508e-05	0.028867	supercritical
345.00	7.5000	163.79	0.0061053	396.74	442.53	1.5941	0.84970	1.6593	242.96	7.5053	2.0500e-05	0.028221	supercritical
355.00	7.5000	151.19	0.0066141	408.70	458.30	1.6391	0.83774	1.5081	252.21	6.9956	2.0623e-05	0.028146	supercritical
365.00	7.5000	141.28	0.0070781	419.79	472.87	1.6796	0.83161	1.4120	260.43	6.5314	2.0817e-05	0.028355	supercritical
375.00	7.5000	133.15	0.0075106	430.32	486.65	1.7169	0.82902	1.3465	267.91	6.1109	2.1055e-05	0.028728	supercritical
385.00	7.5000	126.27	0.0079196	440.47	499.86	1.7516	0.82873	1.2996	274.80	5.7298	2.1323e-05	0.029206	supercritical
395.00	7.5000	120.33	0.0083102	450.35	512.68	1.7845	0.83000	1.2650	281.24	5.3837	2.1611e-05	0.029755	supercritical
405.00	7.5000	115.13	0.0086862	460.04	525.19	1.8158	0.83235	1.2388	287.30	5.0683	2.1915e-05	0.030354	supercritical
415.00	7.5000	110.50	0.0090500	469.60	537.47	1.8458	0.83550	1.2188	293.04	4.7800	2.2228e-05	0.030990	supercritical
425.00	7.5000	106.34	0.0094036	479.05	549.58	1.8746	0.83921	1.2032	298.51	4.5156	2.2550e-05	0.031654	supercritical
435.00	7.5000	102.58	0.0097486	488.44	561.55	1.9024	0.84335	1.1912	303.74	4.2724	2.2877e-05	0.032339	supercritical
445.00	7.5000	99.146	0.010086	497.77	573.41	1.9294	0.84781	1.1819	308.77	4.0480	2.3209e-05	0.033040	supercritical
455.00	7.5000	95.995	0.010417	507.07	585.20	1.9556	0.85250	1.1747	313.62	3.8405	2.3544e-05	0.033750	supercritical
465.00	7.5000	93.087	0.010743	516.34	596.91	1.9810	0.85737	1.1692	318.30	3.6480	2.3881e-05	0.034451	supercritical
475.00	7.5000	90.392	0.011063	525.61	608.58	2.0059	0.86236	1.1651	322.83	3.4691	2.4220e-05	0.035198	supercritical
485.00	7.5000	87.883	0.011379	534.88	620.22	2.0301	0.86745	1.1622	327.23	3.3024	2.4559e-05	0.035949	supercritical
495.00	7.5000	85.539	0.011691	544.15	631.83	2.0538	0.87259	1.1601	331.51	3.1467	2.4899e-05	0.036701	supercritical
505.00	7.5000	83.342	0.011999	553.43	643.43	2.0770	0.87777	1.1589	335.67	3.0011	2.5240e-05	0.037453	supercritical
515.00	7.5000	81.277	0.012304	562.73	655.01	2.0997	0.88296	1.1584	339.74	2.8646	2.5580e-05	0.038204	supercritical
525.00	7.5000	79.330	0.012606	572.05	666.59	2.1220	0.88815	1.1584	343.71	2.7365	2.5919e-05	0.038953	supercritical
195.00	8.0000	1211.6	0.00082533	14.588	21.191	0.077573	0.94904	1.7045	1107.1	-0.25926	0.00026996	0.19603	liquid
205.00	8.0000	1182.4	0.00084577	31.519	38.285	0.16306	0.93878	1.7153	1046.4	-0.23895	0.00023156	0.18431	liquid
215.00	8.0000	1152.1	0.00086797	48.574	55.518	0.24513	0.93032	1.7324	986.16	-0.21313	0.00020117	0.17279	liquid
225.00	8.0000	1120.7	0.00089231	65.816	72.955	0.32440	0.92338	1.7562	926.04	-0.18053	0.00017653	0.16144	liquid
235.00	8.0000	1087.8	0.00091930	83.315	90.670	0.40143	0.91778	1.7882	865.80	-0.13923	0.00015608	0.15026	liquid
245.00	8.0000	1053.0	0.00094963	101.16	108.75	0.47678	0.91340	1.8304	805.07	-0.086414	0.00013871	0.13922	liquid
255.00	8.0000	1015.9	0.00098431	119.45	127.32	0.55107	0.91019	1.8864	743.35	-0.017583	0.00012360	0.12831	liquid
265.00	8.0000	975.74	0.0010249	138.35	146.55	0.62501	0.90826	1.9630	679.91	0.074747	0.00011010	0.11750	liquid
275.00	8.0000	931.25	0.0010738	158.10	166.69	0.69962	0.90790	2.0733	613.55	0.20423	9.7692e-05	0.10676	liquid
285.00	8.0000	880.35	0.0011359	179.14	188.22	0.77649	0.91001	2.2473	542.12	0.39908	8.5835e-05	0.096048	liquid
295.00	8.0000	818.43	0.0012218	202.35	212.13	0.85890	0.91716	2.5740	461.13	0.73095	7.3829e-05	0.085236	liquid
305.00	8.0000	730.94	0.0013681	230.55	241.50	0.95673	0.94010	3.5137	358.11	1.4730	6.0104e-05	0.074125	liquid
315.00	8.0000	395.43	0.0025289	308.07	328.30	1.2352	1.1094	17.872	192.33	6.6440	2.7673e-05	0.067012	supercritical
325.00	8.0000	240.06	0.0041656	357.68	391.00	1.4320	0.94732	3.1691	213.99	8.2326	2.1827e-05	0.034447	supercritical
335.00	8.0000	202.75	0.0049323	377.16	416.62	1.5097	0.88969	2.1606	228.80	7.8626	2.1138e-05	0.030533	supercritical
345.00	8.0000	181.02	0.0055242	391.93	436.13	1.5671	0.86148	1.7867	240.32	7.3760	2.0975e-05	0.029313	supercritical
355.00	8.0000	165.78	0.0060322	404.67	452.92	1.6151	0.84639	1.5910	250.05	6.8970	2.1011e-05	0.028964	supercritical
365.00	8.0000	154.10	0.0064894	416.28	468.19	1.6575	0.83835	1.4715	258.62	6.4509	2.1148e-05	0.029016	supercritical
375.00	8.0000	144.68	0.0069119	427.19	482.49	1.6962	0.83450	1.3919	266.36	6.0422	2.1347e-05	0.029288	supercritical
385.00	8.0000	136.82	0.0073090	437.64	496.11	1.7320	0.83332	1.3357	273.47	5.6695	2.1585e-05	0.029695	supercritical
395.00	8.0000	130.10	0.0076865	447.76	509.25	1.7657	0.83393	1.2946	280.09	5.3297	2.1850e-05	0.030190	supercritical
405.00	8.0000	124.24	0.0080486	457.65	522.04	1.7977	0.83579	1.2638	286.31	5.0192	2.2134e-05	0.030749	supercritical
415.00	8.0000	119.08	0.0083981	467.37	534.55	1.8282	0.83853	1.2401	292.18	4.7350	2.2432e-05	0.031352	supercritical
425.00	8.0000	114.46	0.0087370	476.96	546.86	1.8575	0.84192	1.2219	297.77	4.4740	2.2740e-05	0.031989	supercritical
435.00	8.0000	110.29	0.0090669	486.46	559.00	1.8858	0.84579	1.2076	303.11	4.2336	2.3056e-05	0.032651	supercritical
445.00	8.0000	106.50	0.0093893	495.90	571.02	1.9131	0.85003	1.1964	308.24	4.0118	2.3377e-05	0.033331	supercritical
455.00	8.0000	103.04	0.0097049	505.30	582.94	1.9396	0.85453	1.1877	313.17	3.8065	2.3703e-05	0.034024	supercritical
465.00	8.0000	99.852	0.010015	514.66	594.78	1.9653	0.85923	1.1810	317.92	3.6159	2.4032e-05	0.034706	supercritical
475.00	8.0000	96.903	0.010320	524.01	606.56	1.9904	0.86409	1.1758	322.53	3.4388	2.4364e-05	0.035443	supercritical
485.00	8.0000	94.164	0.010620	533.34	618.30	2.0148	0.86904	1.1720	326.99	3.2737	2.4697e-05	0.036183	supercritical
495.00	8.0000	91.610	0.010916	542.68	630.01	2.0387	0.87408	1.1692	331.32	3.1195	2.5031e-05	0.036926	supercritical
505.00	8.0000	89.220	0.011208	552.02	641.69	2.0621	0.87916	1.1673	335.54	2.9753	2.5366e-05	0.037670	supercritical
515.00	8.0000	86.976	0.011497	561.37	653.35	2.0850	0.88426	1.1661	339.66	2.8401	2.5701e-05	0.038413	supercritical
525.00	8.0000	84.864	0.011784	570.74	665.01	2.1074	0.88937	1.1655	343.67	2.7131	2.6037e-05	0.039155	supercritical
195.00	8.5000	1212.4	0.00082484	14.401	21.412	0.076592	0.94930	1.7031	1109.5	-0.26017	0.00027075	0.19633	liquid
205.00	8.5000	1183.2	0.00084518	31.306	38.490	0.16200	0.93904	1.7135	1049.0	-0.24015	0.00023229	0.18463	liquid
215.00	8.5000	1153.1	0.00086725	48.332	55.703	0.24398	0.93056	1.7301	988.99	-0.21473	0.00020185	0.17314	liquid
225.00	8.5000	1121.8	0.00089143	65.537	73.114	0.32313	0.92360	1.7533	929.16	-0.18268	0.00017718	0.16183	liquid
235.00	8.5000	1089.1	0.00091821	82.991	90.795	0.40001	0.91798	1.7844	869.26	-0.14218	0.00015671	0.15069	liquid
245.00	8.5000	1054.6	0.00094825	100.77	108.83	0.47517	0.91356	1.8252	808.94	-0.090522	0.00013934	0.13970	liquid
255.00	8.5000	1017.8	0.00098251	118.99	127.34	0.54921	0.91030	1.8792	747.76	-0.023497	0.00012424	0.12884	liquid
265.00	8.5000	978.05	0.0010224	137.79	146.48	0.62282	0.90827	1.9524	685.04	0.065859	0.00011078	0.11810	liquid
275.00	8.5000	934.24	0.0010704	157.39	166.49	0.69693	0.90774	2.0563	619.71	0.18999	9.8437e-05	0.10746	liquid
285.00	8.5000	884.47	0.0011306	178.18	187.79	0.77299	0.90945	2.2167	549.89	0.37385	8.6708e-05	0.096871	liquid
295.00	8.5000	824.80	0.0012124	200.93	211.23	0.85380	0.91551	2.5041	471.91	0.67742	7.4964e-05	0.086250	liquid
305.00	8.5000	744.22	0.0013437	227.75	239.18	0.94689	0.93358	3.2206	376.70	1.3009	6.1997e-05	0.075431	liquid
315.00	8.5000	564.71	0.0017708	273.37	288.43	1.1053	1.0305	9.8004	230.68	3.8341	4.1368e-05	0.068816	supercritical
325.00	8.5000	282.23	0.0035432	346.35	376.47	1.3813	0.98346	4.2345	209.97	7.6630	2.3905e-05	0.040142	supercritical
335.00	8.5000	227.58	0.0043941	370.35	407.70	1.4761	0.90890	2.4645	225.74	7.6057	2.2319e-05	0.033063	supercritical
345.00	8.5000	199.78	0.0050056	386.79	429.34	1.5398	0.87393	1.9381	237.89	7.2137	2.1841e-05	0.030952	supercritical
355.00	8.5000	181.29	0.0055161	400.44	447.33	1.5912	0.85535	1.6849	248.05	6.7785	2.1704e-05	0.030196	supercritical
365.00	8.5000	167.54	0.0059687	412.64	463.38	1.6358	0.84525	1.5369	256.94	6.3572	2.1729e-05	0.030013	supercritical
375.00	8.5000	156.66	0.0063831	423.98	478.24	1.6760	0.84006	1.4408	264.93	5.9642	2.1845e-05	0.030130	supercritical
385.00	8.5000	147.71	0.0067702	434.74	492.29	1.7130	0.83795	1.3741	272.25	5.6024	2.2020e-05	0.030424	supercritical
395.00	8.5000	140.12	0.0071365	445.12	505.78	1.7475	0.83789	1.3258	279.04	5.2705	2.2234e-05	0.030834	supercritical
405.00	8.5000	133.57	0.0074865	455.21	518.85	1.7802	0.83922	1.2898	285.40	4.9661	2.2476e-05	0.031323	supercritical
415.00	8.5000	127.82	0.0078234	465.10	531.60	1.8113	0.84156	1.2623	291.40	4.6867	2.2739e-05	0.031869	supercritical
425.00	8.5000	122.71	0.0081493	474.85	544.12	1.8411	0.84463	1.2410	297.10	4.4297	2.3017e-05	0.032457	supercritical
435.00	8.5000	118.12	0.0084661	484.48	556.44	1.8698	0.84823	1.2244	302.54	4.1928	2.3306e-05	0.033076	supercritical
445.00	8.5000	113.96	0.0087750	494.03	568.61	1.8975	0.85224	1.2113	307.76	3.9738	2.3605e-05	0.033719	supercritical
455.00	8.5000	110.17	0.0090771	503.52	580.67	1.9243	0.85655	1.2011	312.77	3.7710	2.3910e-05	0.034376	supercritical
465.00	8.5000	106.69	0.0093733	512.97	592.64	1.9503	0.86109	1.1930	317.60	3.5827	2.4220e-05	0.035024	supercritical
475.00	8.5000	103.47	0.0096643	522.39	604.54	1.9756	0.86580	1.1867	322.26	3.4076	2.4535e-05	0.035735	supercritical
485.00	8.5000	100.50	0.0099507	531.80	616.38	2.0003	0.87063	1.1819	326.79	3.2442	2.4853e-05	0.036452	supercritical
495.00	8.5000	97.724	0.010233	541.20	628.18	2.0244	0.87556	1.1783	331.18	3.0917	2.5173e-05	0.037173	supercritical
505.00	8.5000	95.134	0.010511	550.60	639.95	2.0479	0.88054	1.1757	335.45	2.9489	2.5494e-05	0.037896	supercritical
515.00	8.5000	92.707	0.010787	560.01	651.70	2.0709	0.88555	1.1739	339.61	2.8150	2.5817e-05	0.038620	supercritical
525.00	8.5000	90.426	0.011059	569.43	663.43	2.0935	0.89059	1.1728	343.67	2.6893	2.6141e-05	0.039343	supercritical
195.00	9.0000	1213.1	0.00082434	14.215	21.634	0.075615	0.94956	1.7017	1111.9	-0.26107	0.00027155	0.19663	liquid
205.00	9.0000	1184.0	0.00084459	31.095	38.696	0.16094	0.93929	1.7118	1051.6	-0.24134	0.00023301	0.18496	liquid
215.00	9.0000	1154.0	0.00086654	48.091	55.889	0.24283	0.93080	1.7279	991.80	-0.21631	0.00020253	0.17349	liquid
225.00	9.0000	1122.9	0.00089056	65.260	73.275	0.32186	0.92383	1.7504	932.25	-0.18479	0.00017782	0.16222	liquid
235.00	9.0000	1090.4	0.00091713	82.669	90.923	0.39860	0.91818	1.7806	872.68	-0.14506	0.00015734	0.15112	liquid
245.00	9.0000	1056.1	0.00094689	100.40	108.92	0.47358	0.91373	1.8201	812.78	-0.094527	0.00013996	0.14017	liquid
255.00	9.0000	1019.6	0.00098075	118.54	127.37	0.54739	0.91042	1.8722	752.12	-0.029231	0.00012487	0.12937	liquid
265.00	9.0000	980.32	0.0010201	137.24	146.42	0.62067	0.90830	1.9422	690.08	0.057311	0.00011145	0.11870	liquid
275.00	9.0000	937.15	0.0010671	156.70	166.30	0.69430	0.90760	2.0404	625.71	0.17647	9.9169e-05	0.10814	liquid
285.00	9.0000	888.42	0.0011256	177.26	187.39	0.76962	0.90897	2.1888	557.39	0.35042	8.7556e-05	0.097672	liquid
295.00	9.0000	830.74	0.0012037	199.59	210.42	0.84902	0.91411	2.4442	482.05	0.62989	7.6042e-05	0.087225	liquid
305.00	9.0000	755.51	0.0013236	225.34	237.26	0.93842	0.92872	3.0158	392.92	1.1671	6.3660e-05	0.076676	liquid
315.00	9.0000	622.98	0.0016052	262.02	276.47	1.0647	0.98503	5.7454	270.80	2.7718	4.7081e-05	0.067038	supercritical
325.00	9.0000	339.90	0.0029420	331.79	358.27	1.3203	1.0203	5.9426	208.16	6.7648	2.6435e-05	0.047700	supercritical
335.00	9.0000	256.26	0.0039023	362.71	397.83	1.4404	0.92954	2.8642	223.22	7.2628	2.3355e-05	0.035772	supercritical
345.00	9.0000	220.29	0.0045394	381.28	422.13	1.5120	0.88700	2.1184	235.78	7.0119	2.2520e-05	0.032484	supercritical
355.00	9.0000	197.82	0.0050550	396.00	441.50	1.5674	0.86461	1.7912	246.27	6.6374	2.2221e-05	0.031254	supercritical
365.00	9.0000	181.66	0.0055049	408.88	458.42	1.6144	0.85229	1.6087	255.43	6.2488	2.2152e-05	0.030824	supercritical
375.00	9.0000	169.12	0.0059129	420.68	473.89	1.6562	0.84569	1.4934	263.64	5.8761	2.2206e-05	0.030792	supercritical
385.00	9.0000	158.95	0.0062914	431.79	488.41	1.6944	0.84262	1.4148	271.14	5.5278	2.2335e-05	0.030988	supercritical
395.00	9.0000	150.42	0.0066480	442.43	502.26	1.7299	0.84185	1.3586	278.09	5.2057	2.2516e-05	0.031327	supercritical
405.00	9.0000	143.11	0.0069874	452.74	515.63	1.7634	0.84267	1.3169	284.58	4.9087	2.2731e-05	0.031762	supercritical
415.00	9.0000	136.74	0.0073132	462.82	528.63	1.7951	0.84459	1.2852	290.70	4.6352	2.2972e-05	0.032267	supercritical
425.00	9.0000	131.10	0.0076277	472.71	541.36	1.8254	0.84733	1.2608	296.51	4.3828	2.3231e-05	0.032821	supercritical
435.00	9.0000	126.06	0.0079327	482.47	553.87	1.8545	0.85066	1.2416	302.04	4.1498	2.3506e-05	0.033412	supercritical
445.00	9.0000	121.51	0.0082297	492.14	566.20	1.8825	0.85444	1.2265	307.34	3.9341	2.3791e-05	0.034030	supercritical
455.00	9.0000	117.37	0.0085198	501.73	578.41	1.9096	0.85856	1.2146	312.42	3.7342	2.4084e-05	0.034666	supercritical
465.00	9.0000	113.59	0.0088038	511.27	590.51	1.9359	0.86294	1.2052	317.32	3.5483	2.4385e-05	0.035292	supercritical
475.00	9.0000	110.10	0.0090826	520.78	602.52	1.9615	0.86751	1.1978	322.05	3.3753	2.4690e-05	0.035990	supercritical
485.00	9.0000	106.88	0.0093567	530.26	614.47	1.9864	0.87221	1.1920	326.63	3.2140	2.5000e-05	0.036695	supercritical
495.00	9.0000	103.88	0.0096266	539.72	626.36	2.0107	0.87703	1.1875	331.08	3.0632	2.5312e-05	0.037406	supercritical
505.00	9.0000	101.08	0.0098927	549.19	638.22	2.0344	0.88191	1.1842	335.40	2.9220	2.5628e-05	0.038119	supercritical
515.00	9.0000	98.469	0.010155	558.65	650.05	2.0576	0.88684	1.1817	339.60	2.7895	2.5944e-05	0.038835	supercritical
525.00	9.0000	96.013	0.010415	568.12	661.86	2.0803	0.89180	1.1800	343.70	2.6651	2.6263e-05	0.039550	supercritical
195.00	9.5000	1213.8	0.00082385	14.030	21.856	0.074643	0.94983	1.7003	1114.2	-0.26196	0.00027234	0.19692	liquid
205.00	9.5000	1184.8	0.00084400	30.885	38.903	0.15989	0.93954	1.7101	1054.2	-0.24251	0.00023374	0.18528	liquid
215.00	9.5000	1155.0	0.00086584	47.851	56.077	0.24168	0.93104	1.7257	994.59	-0.21786	0.00020320	0.17384	liquid
225.00	9.5000	1124.0	0.00088970	64.986	73.438	0.32061	0.92406	1.7476	935.31	-0.18687	0.00017846	0.16260	liquid
235.00	9.5000	1091.6	0.00091607	82.351	91.054	0.39721	0.91839	1.7769	876.07	-0.14788	0.00015796	0.15154	liquid
245.00	9.5000	1057.6	0.00094555	100.02	109.01	0.47201	0.91391	1.8152	816.57	-0.098434	0.00014058	0.14064	liquid
255.00	9.5000	1021.4	0.00097901	118.10	127.40	0.54558	0.91055	1.8654	756.41	-0.034793	0.00012550	0.12989	liquid
265.00	9.5000	982.54	0.0010178	136.70	146.37	0.61855	0.90835	1.9324	695.03	0.049082	0.00011211	0.11929	liquid
275.00	9.5000	939.99	0.0010638	156.02	166.13	0.69174	0.90750	2.0254	631.58	0.16361	9.9887e-05	0.10882	liquid
285.00	9.5000	892.22	0.0011208	176.38	187.02	0.76635	0.90855	2.1632	564.63	0.32857	8.8381e-05	0.098454	liquid
295.00	9.5000	836.32	0.0011957	198.33	209.69	0.84449	0.91293	2.3920	491.64	0.58727	7.7069e-05	0.088165	liquid
305.00	9.5000	765.40	0.0013065	223.21	235.63	0.93091	0.92494	2.8627	407.42	1.0586	6.5157e-05	0.077858	liquid
315.00	9.5000	654.66	0.0015275	255.71	270.22	1.0424	0.96347	4.4644	300.02	2.2358	5.0563e-05	0.067791	supercritical
325.00	9.5000	414.28	0.0024139	314.57	337.50	1.2523	1.0388	7.3017	212.53	5.5529	3.0404e-05	0.055385	supercritical
335.00	9.5000	289.73	0.0034515	354.08	386.87	1.4023	0.95080	3.3771	221.66	6.8123	2.4671e-05	0.039154	supercritical
345.00	9.5000	242.82	0.0041182	375.35	414.48	1.4835	0.90055	2.3316	234.10	6.7641	2.3311e-05	0.034280	supercritical
355.00	9.5000	215.48	0.0046409	391.35	435.44	1.5434	0.87410	1.9108	244.78	6.4709	2.2800e-05	0.032444	supercritical
365.00	9.5000	196.48	0.0050895	404.98	453.33	1.5932	0.85945	1.6871	254.13	6.1245	2.2614e-05	0.031713	supercritical
375.00	9.5000	182.08	0.0054922	417.28	469.46	1.6368	0.85138	1.5498	262.52	5.7770	2.2594e-05	0.031504	supercritical
385.00	9.5000	170.55	0.0058634	428.77	484.47	1.6763	0.84731	1.4579	270.17	5.4454	2.2672e-05	0.031585	supercritical
395.00	9.5000	160.99	0.0062114	439.70	498.71	1.7128	0.84583	1.3929	277.25	5.1351	2.2814e-05	0.031844	supercritical
405.00	9.5000	152.87	0.0065415	450.24	512.38	1.7470	0.84610	1.3450	283.86	4.8469	2.2999e-05	0.032221	supercritical
415.00	9.5000	145.83	0.0068574	460.50	525.65	1.7793	0.84761	1.3089	290.09	4.5801	2.3216e-05	0.032679	supercritical
425.00	9.5000	139.63	0.0071616	470.55	538.59	1.8102	0.85002	1.2810	295.99	4.3332	2.3456e-05	0.033197	supercritical
435.00	9.5000	134.12	0.0074562	480.45	551.29	1.8397	0.85308	1.2592	301.61	4.1046	2.3713e-05	0.033758	supercritical
445.00	9.5000	129.16	0.0077425	490.24	563.79	1.8681	0.85663	1.2420	306.98	3.8926	2.3984e-05	0.034350	supercritical
455.00	9.5000	124.66	0.0080218	499.93	576.14	1.8956	0.86056	1.2284	312.13	3.6958	2.4265e-05	0.034964	supercritical
465.00	9.5000	120.56	0.0082949	509.57	588.37	1.9221	0.86477	1.2176	317.09	3.5127	2.4554e-05	0.035565	supercritical
475.00	9.5000	116.79	0.0085627	519.15	600.50	1.9479	0.86920	1.2089	321.88	3.3421	2.4850e-05	0.036250	supercritical
485.00	9.5000	113.30	0.0088258	528.71	612.55	1.9731	0.87379	1.2021	326.52	3.1829	2.5151e-05	0.036943	supercritical
495.00	9.5000	110.08	0.0090846	538.24	624.55	1.9975	0.87849	1.1968	331.01	3.0339	2.5456e-05	0.037643	supercritical
505.00	9.5000	107.07	0.0093397	547.77	636.49	2.0214	0.88328	1.1927	335.38	2.8944	2.5764e-05	0.038347	supercritical
515.00	9.5000	104.26	0.0095913	557.29	648.40	2.0448	0.88812	1.1896	339.63	2.7635	2.6075e-05	0.039053	supercritical
525.00	9.5000	101.63	0.0098399	566.81	660.29	2.0676	0.89300	1.1874	343.77	2.6405	2.6387e-05	0.039760	supercritical
195.00	10.000	1214.5	0.00082336	13.846	22.079	0.073674	0.95009	1.6989	1116.6	-0.26284	0.00027313	0.19722	liquid
205.00	10.000	1185.6	0.00084342	30.677	39.111	0.15885	0.93980	1.7083	1056.7	-0.24367	0.00023446	0.18560	liquid
215.00	10.000	1155.9	0.00086514	47.614	56.265	0.24055	0.93128	1.7235	997.36	-0.21939	0.00020387	0.17419	liquid
225.00	10.000	1125.0	0.00088885	64.713	73.602	0.31936	0.92429	1.7449	938.35	-0.18891	0.00017910	0.16298	liquid
235.00	10.000	1092.9	0.00091502	82.036	91.186	0.39582	0.91860	1.7733	879.44	-0.15064	0.00015858	0.15196	liquid
245.00	10.000	1059.1	0.00094422	99.655	109.10	0.47045	0.91409	1.8104	820.32	-0.10225	0.00014119	0.14110	liquid
255.00	10.000	1023.2	0.00097731	117.66	127.43	0.54380	0.91068	1.8588	760.65	-0.040192	0.00012613	0.13041	liquid
265.00	10.000	984.73	0.0010155	136.17	146.33	0.61647	0.90840	1.9230	699.90	0.041154	0.00011276	0.11987	liquid
275.00	10.000	942.75	0.0010607	155.36	165.97	0.68923	0.90742	2.0112	637.31	0.15135	0.00010059	0.10948	liquid
285.00	10.000	895.89	0.0011162	175.52	186.68	0.76319	0.90819	2.1395	571.64	0.30813	8.9185e-05	0.099218	liquid
295.00	10.000	841.59	0.0011882	197.13	209.02	0.84019	0.91191	2.3461	500.75	0.54875	7.8054e-05	0.089073	liquid
305.00	10.000	774.24	0.0012916	221.29	234.21	0.92414	0.92192	2.7426	420.61	0.96813	6.6530e-05	0.078982	liquid
315.00	10.000	676.84	0.0014775	251.21	265.98	1.0265	0.95041	3.8344	323.33	1.8962	5.3179e-05	0.069006	supercritical
325.00	10.000	486.98	0.0020535	299.13	319.67	1.1941	1.0247	6.8218	226.66	4.4026	3.5229e-05	0.059487	supercritical
335.00	10.000	328.65	0.0030428	344.46	374.89	1.3616	0.97062	3.9722	221.73	6.2421	2.6362e-05	0.043157	supercritical
345.00	10.000	267.61	0.0037368	369.00	406.36	1.4543	0.91426	2.5788	233.05	6.4643	2.4239e-05	0.036367	supercritical
355.00	10.000	234.33	0.0042675	386.46	429.14	1.5194	0.88374	2.0444	243.66	6.2765	2.3450e-05	0.033781	supercritical
365.00	10.000	212.06	0.0047156	400.93	448.09	1.5721	0.86668	1.7724	253.10	5.9829	2.3122e-05	0.032686	supercritical
375.00	10.000	195.54	0.0051140	413.80	464.94	1.6177	0.85709	1.6100	261.59	5.6664	2.3014e-05	0.032271	supercritical
385.00	10.000	182.52	0.0054788	425.69	480.47	1.6585	0.85200	1.5032	269.36	5.3548	2.3032e-05	0.032220	supercritical
395.00	10.000	171.85	0.0058192	436.92	495.11	1.6961	0.84979	1.4286	276.55	5.0584	2.3130e-05	0.032389	supercritical
405.00	10.000	162.84	0.0061409	447.70	509.11	1.7311	0.84953	1.3742	283.26	4.7805	2.3281e-05	0.032700	supercritical
415.00	10.000	155.09	0.0064479	458.16	522.64	1.7641	0.85062	1.3333	289.57	4.5215	2.3471e-05	0.033108	supercritical
425.00	10.000	148.30	0.0067429	468.38	535.81	1.7954	0.85269	1.3018	295.55	4.2807	2.3689e-05	0.033585	supercritical
435.00	10.000	142.29	0.0070280	478.42	548.70	1.8254	0.85548	1.2772	301.25	4.0571	2.3929e-05	0.034114	supercritical
445.00	10.000	136.90	0.0073048	488.32	561.37	1.8542	0.85881	1.2578	306.69	3.8493	2.4184e-05	0.034679	supercritical
455.00	10.000	132.03	0.0075743	498.13	573.87	1.8820	0.86255	1.2424	311.90	3.6560	2.4452e-05	0.035268	supercritical
465.00	10.000	127.59	0.0078376	507.85	586.23	1.9089	0.86660	1.2301	316.92	3.4759	2.4730e-05	0.035844	supercritical
475.00	10.000	123.52	0.0080955	517.52	598.48	1.9349	0.87088	1.2202	321.77	3.3079	2.5016e-05	0.036515	supercritical
485.00	10.000	119.78	0.0083487	527.15	610.64	1.9603	0.87534	1.2124	326.45	3.1509	2.5307e-05	0.037196	supercritical
495.00	10.000	116.31	0.0085975	536.76	622.73	1.9850	0.87994	1.2062	330.99	3.0040	2.5604e-05	0.037884	supercritical
505.00	10.000	113.09	0.0088426	546.34	634.77	2.0090	0.88463	1.2013	335.40	2.8663	2.5905e-05	0.038578	supercritical
515.00	10.000	110.08	0.0090842	555.92	646.76	2.0325	0.88939	1.1975	339.69	2.7371	2.6209e-05	0.039275	supercritical
525.00	10.000	107.26	0.0093227	565.49	658.72	2.0555	0.89419	1.1947	343.86	2.6155	2.6515e-05	0.039973	supercritical